166908
1720567
2072645
207999
210791
221045
221379
226299
246850
248835
252822
260900
2651333
265715
2675752
275434
2775244
278795
284868
286679
30701
308787
3167757
3261476
342971
3437276
358042
359764
368849
3950373
4197922
4264281
4310137
4315290
4336960
4338115
4344998
4360236
437105
4380
4384058
4415801
4416988
4429716
4460263
4467810
510204
5162
New.CleanUp.ReferenceOTU14
New.CleanUp.ReferenceOTU17
New.CleanUp.ReferenceOTU18
New.CleanUp.ReferenceOTU19
New.CleanUp.ReferenceOTU29
New.CleanUp.ReferenceOTU37
New.CleanUp.ReferenceOTU39
