AG-212-A01#_Cp_1.7	New.59.CleanUp.ReferenceOTU565373	97.35	151	4	0	445	595	1	151	4e-67	 257
AG-212-A02#_Cp_2.2	New.59.CleanUp.ReferenceOTU720236	97.35	151	4	0	486	636	1	151	4e-67	 257
AG-212-A09#_Cp_15.3	New.59.CleanUp.ReferenceOTU715067	97.35	151	4	0	495	645	1	151	4e-67	 257
AG-212-A21#_Cp_1.9	New.59.CleanUp.ReferenceOTU1270549	97.95	146	3	0	520	665	6	151	6e-66	 254
AG-212-B02#_Cp_2.4	New.59.CleanUp.ReferenceOTU1094639	97.35	151	4	0	496	646	1	151	4e-67	 257
AG-212-B03#_Cp_2.4	New.59.CleanUp.ReferenceOTU84968	98.68	151	2	0	474	624	1	151	2e-70	 268
AG-212-B05#_Cp_2.7	New.59.CleanUp.ReferenceOTU18213	99.32	147	0	1	487	633	1	146	3e-69	 265
AG-212-B09#_Cp_2.7	New.52.CleanUp.ReferenceOTU25474	99.32	148	1	0	493	640	4	151	2e-70	 268
AG-212-B10#_Cp_2.2	New.59.CleanUp.ReferenceOTU1136012	97.35	151	4	0	514	664	1	151	4e-67	 257
AG-212-B11#_Cp_3.7	New.59.CleanUp.ReferenceOTU183891	98.67	150	2	0	469	618	2	151	7e-70	 267
AG-212-B15#_Cp_2.1	New.59.CleanUp.ReferenceOTU1104795	98.68	151	2	0	493	643	1	151	2e-70	 268
AG-212-B21#_Cp_1.8	4381363	98.67	150	2	0	446	595	1	150	7e-70	 267
AG-212-C04#_Cp_1.9	New.7.CleanUp.ReferenceOTU250997	97.33	150	4	0	467	616	1	150	1e-66	 255
AG-212-C10#_Cp_2.3	New.59.CleanUp.ReferenceOTU481621	97.83	138	3	0	471	608	14	151	1e-61	 239
AG-212-C11#_Cp_2.1	New.59.CleanUp.ReferenceOTU1627915	100.00	145	0	0	497	641	1	145	2e-70	 268
AG-212-C14#_Cp_1.7	817753	99.32	148	1	0	499	646	1	148	2e-70	 268
AG-212-C16#_Cp_2.6	New.7.CleanUp.ReferenceOTU155163	97.33	150	4	0	484	633	1	150	2e-66	 255
AG-212-C18#_Cp_2.6	New.59.CleanUp.ReferenceOTU189318	98.62	145	2	0	509	653	7	151	4e-67	 257
AG-212-C20#_Cp_2.6	New.59.CleanUp.ReferenceOTU84968	98.68	151	2	0	472	622	1	151	2e-70	 268
AG-212-D02#_Cp_1.7	New.59.CleanUp.ReferenceOTU495998	98.68	151	2	0	459	609	1	151	2e-70	 268
AG-212-D07#_Cp_2.5	New.7.CleanUp.ReferenceOTU1038	98.00	150	3	0	486	635	1	150	3e-68	 261
AG-212-D09#_Cp_2.7	New.24.CleanUp.ReferenceOTU7077	96.69	151	5	0	494	644	1	151	2e-65	 252
AG-212-D13#_Cp_3.0	New.59.CleanUp.ReferenceOTU189318	98.62	145	2	0	499	643	7	151	4e-67	 257
AG-212-D15#_Cp_1.9	New.5.CleanUp.ReferenceOTU188938	100.00	150	0	0	470	619	1	150	3e-73	 278
AG-212-D19#_Cp_2.2	New.59.CleanUp.ReferenceOTU1544001	98.66	149	2	0	442	590	2	150	2e-69	 265
AG-212-D22#_Cp_1.7	New.59.CleanUp.ReferenceOTU754160	98.67	150	2	0	467	616	1	150	7e-70	 267
AG-212-D23#_Cp_1.8	New.59.CleanUp.ReferenceOTU1606883	98.68	151	2	0	498	648	1	151	2e-70	 268
AG-212-E03#_Cp_2.8	1088254	98.67	150	2	0	465	614	1	150	7e-70	 267
AG-212-E04#_Cp_2.0	New.54.CleanUp.ReferenceOTU60738	99.32	146	1	0	482	627	6	151	3e-69	 265
AG-212-E05#_Cp_1.9	New.52.CleanUp.ReferenceOTU4588	98.66	149	0	2	435	582	1	148	9e-69	 263
AG-212-E07#_Cp_2.2	New.59.CleanUp.ReferenceOTU966905	98.01	151	3	0	506	656	1	151	9e-69	 263
AG-212-E10#_Cp_2.5	New.59.CleanUp.ReferenceOTU1361017	97.35	151	4	0	418	568	1	151	4e-67	 257
AG-212-E11#_Cp_2.2	New.53.CleanUp.ReferenceOTU887750	97.96	147	3	0	479	625	1	147	2e-66	 255
AG-212-E14#_Cp_2.0	New.52.CleanUp.ReferenceOTU7086	100.00	138	0	0	496	633	14	151	2e-66	 255
AG-212-E16#_Cp_1.6	New.22.CleanUp.ReferenceOTU3952	98.68	151	2	0	491	641	1	151	2e-70	 268
AG-212-E17#_Cp_2.4	New.59.CleanUp.ReferenceOTU761411	98.66	149	2	0	486	634	1	149	3e-69	 265
AG-212-E22#_Cp_1.6	New.59.CleanUp.ReferenceOTU626428	98.62	145	2	0	476	620	1	145	4e-67	 257
AG-212-F05#_Cp_3.5	New.59.CleanUp.ReferenceOTU1113095	97.37	152	2	2	483	633	1	151	4e-67	 257
AG-212-F14#_Cp_2.3	New.59.CleanUp.ReferenceOTU1108746	99.31	145	1	0	488	632	1	145	9e-69	 263
AG-212-F16#_Cp_3.3	534301	98.68	151	2	0	494	644	1	151	2e-70	 268
AG-212-F19#_Cp_1.7	New.59.CleanUp.ReferenceOTU1223798	98.00	150	3	0	469	618	1	150	3e-68	 261
AG-212-F20#_Cp_2.4	New.59.CleanUp.ReferenceOTU1338676	98.67	150	2	0	433	582	2	151	7e-70	 267
AG-212-F22#_Cp_1.9	New.19.CleanUp.ReferenceOTU2402	97.33	150	4	0	438	587	2	151	1e-66	 255
AG-212-F23#_Cp_1.4	New.19.CleanUp.ReferenceOTU13338	94.74	152	6	2	489	639	1	151	2e-60	 235
AG-212-G04#_Cp_2.1	209577	98.00	150	3	0	436	585	1	150	3e-68	 261
AG-212-G07#_Cp_3.1	New.59.CleanUp.ReferenceOTU872551	97.35	151	4	0	456	606	1	151	4e-67	 257
AG-212-G11#_Cp_2.2	New.59.CleanUp.ReferenceOTU1253878	98.68	151	2	0	484	634	1	151	2e-70	 268
AG-212-G15#_Cp_2.5	New.59.CleanUp.ReferenceOTU389412	96.69	151	5	0	456	606	1	151	2e-65	 252
AG-212-G16#_Cp_1.7	264229	100.00	150	0	0	469	618	1	150	3e-73	 278
AG-212-G17#_Cp_1.9	New.59.CleanUp.ReferenceOTU443226	98.67	150	2	0	481	630	2	151	7e-70	 267
AG-212-G18#_Cp_2.2	New.59.CleanUp.ReferenceOTU1753848	98.68	151	2	0	455	605	1	151	2e-70	 268
AG-212-I08#_Cp_2.2	New.59.CleanUp.ReferenceOTU20711	98.67	150	2	0	446	595	2	151	7e-70	 267
AG-212-I13#_Cp_3.0	New.59.CleanUp.ReferenceOTU1253878	98.68	151	2	0	488	638	1	151	2e-70	 268
AG-212-I15#_Cp_2.1	New.59.CleanUp.ReferenceOTU1769066	98.00	150	3	0	506	655	2	151	3e-68	 261
AG-212-I19#_Cp_2.4	New.59.CleanUp.ReferenceOTU394784	99.32	147	1	0	447	593	1	147	7e-70	 267
AG-212-I20#_Cp_2.5	New.7.CleanUp.ReferenceOTU1038	98.00	150	3	0	478	627	1	150	3e-68	 261
AG-212-I22#_Cp_2.1	New.59.CleanUp.ReferenceOTU1523311	98.00	150	3	0	461	610	1	150	3e-68	 261
AG-212-J06#_Cp_1.8	New.59.CleanUp.ReferenceOTU857920	100.00	143	0	0	494	636	1	143	3e-69	 265
AG-212-J08#_Cp_2.6	New.59.CleanUp.ReferenceOTU1356086	98.68	152	0	2	428	578	1	151	2e-70	 268
AG-212-J11#_Cp_2.5	4395995	98.67	150	2	0	484	633	1	150	7e-70	 267
AG-212-J14#_Cp_1.7	New.59.CleanUp.ReferenceOTU1382467	99.33	149	1	0	493	641	2	150	5e-71	 270
AG-212-J15#_Cp_2.3	215449	100.00	151	0	0	487	637	1	151	9e-74	 279
AG-212-J16#_Cp_2.6	New.59.CleanUp.ReferenceOTU22653	100.00	142	0	0	446	587	1	142	9e-69	 263
AG-212-J23#_Cp_1.9	New.52.CleanUp.ReferenceOTU25474	99.32	148	1	0	489	636	4	151	2e-70	 268
AG-212-K02#_Cp_1.7	New.59.CleanUp.ReferenceOTU746057	98.01	151	3	0	474	624	1	151	9e-69	 263
AG-212-K05#_Cp_1.9	New.59.CleanUp.ReferenceOTU1223500	98.68	151	2	0	581	731	1	151	2e-70	 268
AG-212-K11#_Cp_2.9	704267	99.33	150	1	0	445	594	1	150	1e-71	 272
AG-212-K14#_Cp_2.8	734945	98.67	150	2	0	443	592	1	150	7e-70	 267
AG-212-K21#_Cp_1.9	New.59.CleanUp.ReferenceOTU648994	96.69	151	5	0	468	618	1	151	2e-65	 252
AG-212-K22#_Cp_2.4	New.52.CleanUp.ReferenceOTU97054	100.00	148	0	0	446	593	4	151	4e-72	 274
AG-212-L03#_Cp_2.5	New.59.CleanUp.ReferenceOTU1253878	98.68	151	2	0	494	644	1	151	2e-70	 268
AG-212-L06#_Cp_2.6	New.19.CleanUp.ReferenceOTU2402	97.33	150	4	0	448	597	2	151	1e-66	 255
AG-212-L10#_Cp_4.0	New.59.CleanUp.ReferenceOTU1272605	99.32	146	1	0	492	637	6	151	3e-69	 265
AG-212-L16#_Cp_3.0	New.59.CleanUp.ReferenceOTU323724	98.00	150	3	0	443	592	1	150	3e-68	 261
AG-212-L18#_Cp_2.7	New.5.CleanUp.ReferenceOTU291124	98.67	150	2	0	495	644	1	150	7e-70	 267
AG-212-M04#_Cp_2.3	521158	100.00	150	0	0	464	613	1	150	3e-73	 278
AG-212-M09#_Cp_2.8	New.59.CleanUp.ReferenceOTU825627	97.97	148	3	0	462	609	1	148	4e-67	 257
AG-212-M13#_Cp_2.4	New.52.CleanUp.ReferenceOTU91769	98.67	150	2	0	463	612	1	150	7e-70	 267
AG-212-M14#_Cp_3.1	551344	98.67	150	2	0	494	643	1	150	7e-70	 267
AG-212-M19#_Cp_2.1	New.59.CleanUp.ReferenceOTU1378979	100.00	146	0	0	452	597	6	151	5e-71	 270
AG-212-M23#_Cp_1.9	New.59.CleanUp.ReferenceOTU1357923	98.65	148	2	0	473	620	1	148	9e-69	 263
AG-212-N02#_Cp_2.3	New.59.CleanUp.ReferenceOTU1394028	99.33	149	1	0	442	590	2	150	5e-71	 270
AG-212-N07#_Cp_3.1	723142	98.00	150	3	0	484	633	1	150	3e-68	 261
AG-212-N08#_Cp_1.9	817753	99.32	148	1	0	497	644	1	148	2e-70	 268
AG-212-N16#_Cp_2.0	New.52.CleanUp.ReferenceOTU88732	98.68	151	2	0	482	632	1	151	2e-70	 268
AG-212-N18#_Cp_1.6	New.7.CleanUp.ReferenceOTU224593	96.67	150	5	0	500	649	1	150	7e-65	 250
AG-212-N19#_Cp_1.9	New.59.CleanUp.ReferenceOTU218301	95.97	149	6	0	477	625	2	150	1e-62	 243
AG-212-N21#_Cp_1.9	New.7.CleanUp.ReferenceOTU84651	100.00	139	0	0	469	607	12	150	4e-67	 257
AG-212-N23#_Cp_1.8	New.59.CleanUp.ReferenceOTU1366957	98.66	149	2	0	428	576	2	150	2e-69	 265
AG-212-O03#_Cp_1.9	New.5.CleanUp.ReferenceOTU124321	99.32	148	1	0	481	628	1	148	2e-70	 268
AG-212-O05#_Cp_2.2	3486915	98.00	150	3	0	445	594	1	150	3e-68	 261
AG-212-O08#_Cp_1.8	New.5.CleanUp.ReferenceOTU376910	98.00	150	3	0	491	640	1	150	3e-68	 261
AG-212-O10#_Cp_2.4	New.59.CleanUp.ReferenceOTU16591	100.00	146	0	0	216	361	151	6	5e-71	 270
AG-212-O14#_Cp_2.9	New.59.CleanUp.ReferenceOTU18213	99.32	147	0	1	496	642	1	146	3e-69	 265
AG-212-O20#_Cp_2.8	New.59.CleanUp.ReferenceOTU652656	98.67	150	2	0	471	620	2	151	7e-70	 267
AG-212-O21#_Cp_1.8	1011857	97.33	150	4	0	497	646	1	150	2e-66	 255
AG-212-O22#_Cp_1.9	New.59.CleanUp.ReferenceOTU1784143	98.00	150	3	0	465	614	2	151	3e-68	 261
AG-212-P01#_Cp_1.8	New.59.CleanUp.ReferenceOTU1161951	98.62	145	2	0	435	579	1	145	4e-67	 257
AG-212-P03#_Cp_2.5	New.59.CleanUp.ReferenceOTU1514422	99.32	147	1	0	515	661	1	147	7e-70	 267
AG-212-P06#_Cp_2.6	New.59.CleanUp.ReferenceOTU189318	98.62	145	2	0	509	653	7	151	4e-67	 257
AG-212-P11#_Cp_1.8	New.59.CleanUp.ReferenceOTU1750370	98.68	151	2	0	498	648	1	151	2e-70	 268
AG-212-P17#_Cp_1.7	New.59.CleanUp.ReferenceOTU999655	98.03	152	1	2	473	623	1	151	9e-69	 263
AG-212-P18#_Cp_2.8	New.59.CleanUp.ReferenceOTU1733072	99.31	145	1	0	492	636	1	145	9e-69	 263
AG-212-P22#_Cp_1.8	New.19.CleanUp.ReferenceOTU37483	98.00	150	3	0	480	629	1	150	3e-68	 261
AG-212-O11#_Cp_3.8	New.59.CleanUp.ReferenceOTU1245307	97.92	48	1	0	18	65	77	124	2e-15	84.2
