AG-212-A01#_Cp_1.7	gi|374290655	88.30	812	87	8	1	811	30	834	0.0	  966
AG-212-A02#_Cp_2.2	gi|549449290	88.56	848	91	6	1	847	40	882	0.0	 1024
AG-212-A09#_Cp_15.3	gi|740667044	83.75	794	102	21	1	782	32	810	0.0	  726
AG-212-A21#_Cp_1.9	gi|182411826	94.81	886	40	5	1	883	30	912	0.0	 1376
AG-212-B02#_Cp_2.4	gi|525968348	89.04	867	81	13	1	860	30	889	0.0	 1062
AG-212-B03#_Cp_2.4	gi|229818502	86.60	858	93	15	1	842	28	879	0.0	  928
AG-212-B05#_Cp_2.7	gi|377812245	89.38	857	75	15	1	850	40	887	0.0	 1064
AG-212-B09#_Cp_2.7	gi|525968348	89.17	859	81	11	1	853	36	888	0.0	 1061
AG-212-B10#_Cp_2.2	gi|182411826	94.44	882	45	4	1	880	31	910	0.0	 1354
AG-212-B11#_Cp_3.7	gi|379733551	86.52	838	87	17	1	825	36	860	0.0	  898
AG-212-B14#_Cp_2.1	gi|255961476	79.88	502	75	19	1	491	30	516	1e-95	  344
AG-212-B15#_Cp_2.1	gi|124265193	90.07	866	73	10	1	859	30	889	0.0	 1110
AG-212-B21#_Cp_1.8	gi|75674199	93.22	811	49	6	1	808	29	836	0.0	 1188
AG-212-C04#_Cp_1.9	gi|430741030	79.19	793	123	29	1	771	31	803	5e-146	  512
AG-212-C10#_Cp_2.3	gi|255961476	82.55	791	119	18	45	825	92	873	0.0	  678
AG-212-C11#_Cp_2.1	gi|189218017	80.30	873	145	21	1	863	44	899	0.0	  634
AG-212-C14#_Cp_1.7	gi|220915123	79.32	885	149	24	1	859	28	904	2e-169	  590
AG-212-C16#_Cp_2.6	gi|188590795	90.35	850	76	5	1	848	40	885	0.0	 1110
AG-212-C18#_Cp_2.6	gi|108802856	84.22	881	113	20	1	867	29	897	0.0	  833
AG-212-C20#_Cp_2.6	gi|229818502	86.58	857	93	15	1	841	30	880	0.0	  926
AG-212-D02#_Cp_1.7	gi|189218017	78.93	807	132	24	47	818	92	895	1e-146	  514
AG-212-D07#_Cp_2.5	gi|549449290	88.62	852	91	6	1	851	40	886	0.0	 1031
AG-212-D09#_Cp_2.7	gi|108802856	85.36	813	100	17	56	857	93	897	0.0	  824
AG-212-D13#_Cp_3.0	gi|108802856	83.57	858	121	19	11	857	49	897	0.0	  785
AG-212-D15#_Cp_1.9	gi|430741030	82.31	752	116	16	52	791	76	822	0.0	  636
AG-212-D19#_Cp_2.2	gi|402770565	93.33	809	44	10	1	803	30	834	0.0	 1186
AG-212-D20#_Cp_2.1	gi|108802856	78.97	523	88	19	1	515	35	543	2e-93	  337
AG-212-D22#_Cp_1.7	gi|189218017	78.27	865	142	26	1	825	36	894	1e-146	  514
AG-212-D23#_Cp_1.8	gi|188591847	90.40	865	77	6	1	863	28	888	0.0	 1133
AG-212-E03#_Cp_2.8	gi|119714272	92.54	844	49	8	1	832	39	880	0.0	 1197
AG-212-E04#_Cp_2.0	gi|189218017	82.27	677	106	12	171	838	224	895	2e-164	  573
AG-212-E05#_Cp_1.9	gi|153010078	89.27	755	77	4	43	795	78	830	0.0	  942
AG-212-E07#_Cp_2.2	gi|385795588	86.04	824	101	12	56	873	91	906	0.0	  872
AG-212-E10#_Cp_2.5	gi|402770565	89.06	786	78	8	1	782	55	836	0.0	  968
AG-212-E11#_Cp_2.2	gi|121602919	95.50	844	35	3	1	843	39	880	0.0	 1345
AG-212-E14#_Cp_2.0	gi|182411826	85.07	817	100	17	52	850	99	911	0.0	  813
AG-212-E16#_Cp_1.6	gi|220915123	79.04	878	148	26	1	851	36	904	3e-163	  569
AG-212-E17#_Cp_2.4	gi|124265193	89.92	853	78	8	3	851	39	887	0.0	 1092
AG-212-E22#_Cp_1.6	gi|430741030	83.84	588	84	10	190	769	209	793	4e-157	  549
AG-212-F05#_Cp_3.5	gi|332668532	92.85	853	57	4	2	853	28	877	0.0	 1234
AG-212-F14#_Cp_2.3	gi|549451945	89.07	851	91	2	1	851	36	884	0.0	 1055
AG-212-F16#_Cp_3.3	gi|197120421	85.28	863	115	10	1	859	51	905	0.0	  880
AG-212-F19#_Cp_1.7	gi|430741030	81.35	788	129	16	50	825	76	857	7e-180	  625
AG-212-F20#_Cp_2.4	gi|295687459	93.36	798	47	6	1	794	39	834	0.0	 1175
AG-212-F22#_Cp_1.9	gi|402770565	93.37	799	52	1	1	799	36	833	0.0	 1181
AG-212-F23#_Cp_1.4	gi|289163353	85.85	869	92	26	2	855	44	896	0.0	  894
AG-212-G04#_Cp_2.1	gi|316931396	88.92	794	82	6	10	800	48	838	0.0	  974
AG-212-G05#_Cp_2.3	gi|83588874	84.50	329	40	11	189	512	238	560	1e-86	  315
AG-212-G07#_Cp_3.1	gi|379733551	85.75	835	97	17	3	825	48	872	0.0	  863
AG-212-G11#_Cp_2.2	gi|188590795	90.50	853	75	6	1	851	40	888	0.0	 1122
AG-212-G15#_Cp_2.5	gi|563686363	88.11	824	80	14	1	821	29	837	0.0	  963
AG-212-G16#_Cp_1.7	gi|146297766	95.71	816	29	6	1	813	49	861	0.0	 1308
AG-212-G17#_Cp_1.9	gi|430741030	81.83	655	95	19	190	836	220	858	5e-151	  529
AG-212-G18#_Cp_2.2	gi|430741030	83.98	643	93	10	178	813	220	859	6e-175	  608
AG-212-I08#_Cp_2.2	gi|563686363	88.16	811	90	6	1	809	30	836	0.0	  961
AG-212-I13#_Cp_3.0	gi|188590795	90.50	853	75	6	1	851	36	884	0.0	 1122
AG-212-I15#_Cp_2.1	gi|749295413	78.46	585	111	11	215	792	249	825	1e-102	  368
AG-212-I19#_Cp_2.4	gi|563686363	87.99	816	87	11	1	811	28	837	0.0	  953
AG-212-I20#_Cp_2.5	gi|549449290	88.51	844	91	6	1	843	48	886	0.0	 1016
AG-212-I22#_Cp_2.1	gi|430741030	81.50	654	99	19	172	819	221	858	1e-147	  518
AG-212-J06#_Cp_1.8	gi|347753732	83.18	672	77	26	181	846	193	834	4e-167	  582
AG-212-J08#_Cp_2.6	gi|92115633	88.62	791	82	8	2	788	48	834	0.0	  955
AG-212-J11#_Cp_2.5	gi|319790694	98.11	848	16	0	1	848	40	887	0.0	 1478
AG-212-J14#_Cp_1.7	gi|220915123	79.02	877	146	28	1	849	35	901	4e-162	  566
AG-212-J15#_Cp_2.3	gi|377812245	88.64	854	86	10	1	849	39	886	0.0	 1029
AG-212-J16#_Cp_2.6	gi|430741030	80.68	647	111	14	166	803	217	858	2e-139	  490
AG-212-J23#_Cp_1.9	gi|525968348	89.21	834	78	11	1	828	40	867	0.0	 1031
AG-212-K02#_Cp_1.7	gi|430741030	83.79	580	87	7	193	767	216	793	2e-155	  544
AG-212-K05#_Cp_1.9	gi|430741030	83.89	658	97	8	286	937	204	858	3e-178	  619
AG-212-K11#_Cp_2.9	gi|749321911	96.17	810	31	0	1	810	28	837	0.0	 1325
AG-212-K13#_Cp_2.9	gi|83588874	82.48	331	50	8	196	523	235	560	3e-77	  283
AG-212-K14#_Cp_2.8	gi|749321911	97.40	809	21	0	1	809	30	838	0.0	 1378
AG-212-K21#_Cp_1.9	gi|182411826	78.37	869	144	34	1	831	44	906	2e-149	  523
AG-212-K22#_Cp_2.4	gi|402770565	92.60	797	50	9	1	792	28	820	0.0	 1136
AG-212-L03#_Cp_2.5	gi|188590795	90.58	860	75	6	1	858	30	885	0.0	 1134
AG-212-L06#_Cp_2.6	gi|402770565	92.73	812	56	3	1	812	28	836	0.0	 1170
AG-212-L10#_Cp_4.0	gi|108802856	86.69	706	83	10	155	854	200	900	0.0	  773
AG-212-L16#_Cp_3.0	gi|430741030	83.33	582	84	12	163	736	217	793	6e-150	  525
AG-212-L18#_Cp_2.7	gi|182411826	83.52	813	118	11	64	861	99	910	0.0	  745
AG-212-M04#_Cp_2.3	gi|430741030	82.15	661	83	21	173	819	218	857	1e-152	  534
AG-212-M09#_Cp_2.8	gi|300087139	82.94	844	120	20	1	830	28	861	0.0	  739
AG-212-M13#_Cp_2.4	gi|430741030	80.00	580	96	16	178	750	221	787	2e-115	  411
AG-212-M14#_Cp_3.1	gi|108802856	83.06	868	114	27	11	861	49	900	0.0	  758
AG-212-M19#_Cp_2.1	gi|384213726	98.76	809	10	0	1	809	28	836	0.0	 1439
AG-212-M23#_Cp_1.9	gi|549449290	90.55	825	74	4	1	824	51	872	0.0	 1088
AG-212-N02#_Cp_2.3	gi|430741030	82.16	667	95	21	149	800	203	860	1e-157	  551
AG-212-N07#_Cp_3.1	gi|549449290	89.41	850	86	4	1	849	40	886	0.0	 1068
AG-212-N08#_Cp_1.9	gi|220915123	79.30	884	149	24	1	858	30	905	9e-169	  588
AG-212-N16#_Cp_2.0	gi|430741030	82.17	617	78	24	170	775	198	793	1e-142	  501
AG-212-N18#_Cp_1.6	gi|397665626	93.91	870	47	6	1	867	30	896	0.0	 1308
AG-212-N19#_Cp_1.9	gi|430741030	84.37	659	92	11	181	832	204	858	0.0	  636
AG-212-N21#_Cp_1.9	gi|189218017	78.96	808	129	22	47	817	92	895	5e-146	  512
AG-212-N23#_Cp_1.8	gi|563686363	87.81	796	87	10	1	792	48	837	0.0	  924
AG-212-O03#_Cp_1.9	gi|430741030	81.29	588	72	33	191	764	220	783	7e-125	  442
AG-212-O05#_Cp_2.2	gi|384213726	96.43	812	23	6	1	808	28	837	0.0	 1334
AG-212-O08#_Cp_1.8	gi|77358712	85.44	845	111	11	1	841	40	876	0.0	  869
AG-212-O10#_Cp_2.4	gi|124265193	90.74	734	59	6	1	729	888	159	0.0	  970
AG-212-O14#_Cp_2.9	gi|377812245	89.61	866	74	15	1	859	31	887	0.0	 1086
AG-212-O20#_Cp_2.8	gi|379733551	86.09	834	98	14	1	823	30	856	0.0	  881
AG-212-O21#_Cp_1.8	gi|119896292	91.89	863	61	8	1	859	28	885	0.0	 1197
AG-212-O22#_Cp_1.9	gi|430741030	82.00	600	75	22	173	760	218	796	5e-136	  479
AG-212-P01#_Cp_1.8	gi|459286451	95.02	804	32	7	1	798	36	837	0.0	 1256
AG-212-P03#_Cp_2.5	gi|197120421	81.43	894	140	18	1	882	28	907	0.0	  708
AG-212-P06#_Cp_2.6	gi|108802856	84.28	884	113	20	1	870	29	900	0.0	  839
AG-212-P11#_Cp_1.8	gi|77358712	89.17	868	86	8	1	865	30	892	0.0	 1075
AG-212-P17#_Cp_1.7	gi|347753732	79.86	854	125	35	1	839	29	850	1e-166	  580
AG-212-P18#_Cp_2.8	gi|124265193	90.01	861	77	9	1	856	30	886	0.0	 1105
AG-212-P22#_Cp_1.8	gi|226225406	96.80	843	27	0	2	844	28	870	0.0	 1408
AG-212-O11#_Cp_3.8	gi|316994385	95.93	172	5	2	18	187	762	933	5e-76	  278
