refsoilID	OTU	soil	sediment	peat	rocky	ag	silt	loam
gi|556503834	141145	3153.0	3153.0	1	1	1	1	1
gi|255767013	4441266	720.0	720.0	1	1	1	1	1
gi|15805042	New.5.CleanUp.ReferenceOTU446412	6.0	6.0	1	1	1	1	1
gi|110645304	827497	3939.0	3939.0	1	1	1	1	1
gi|57596592	4314198	17.0	17.0	1	1	1	1	1
gi|16445223	141145	3153.0	3153.0	1	1	1	1	1
gi|15829254	141145	3153.0	3153.0	1	1	1	1	1
gi|33598993	4483058	1303.0	1303.0	1	1	1	1	1
gi|46562128	1720567	1	1	1	1	1	1	1
gi|400756305	2654188	281.0	281.0	1	1	1	1	1
gi|52840256	New.5.CleanUp.ReferenceOTU328310	21.0	21.0	1	1	1	1	1
gi|26986745	277094	96.0	96.0	1	1	1	1	1
gi|77358712	New.13.CleanUp.ReferenceOTU30545	24.0	24.0	1	1	1	1	1
gi|85700163	675580	6.0	6.0	1	1	1	1	1
gi|15893298	562096	75.0	75.0	1	1	1	1	1
gi|15963753	New.24.CleanUp.ReferenceOTU38683	383.0	383.0	29.0	1	1	1	1
gi|159184118	4045633	3543.0	3543.0	1	1	1	1	1
gi|159185562	4045633	3543.0	3543.0	1	1	1	1	1
gi|16120353	274754	1208794.0	1208794.0	1	1	1	1	1
gi|162960844	77193	8.0	8.0	1	1	1	1	1
gi|16763390	676211	455.0	455.0	1	1	2.0	1	1
gi|16758993	676211	455.0	455.0	1	1	2.0	1	1
gi|16802048	675580	6.0	6.0	1	1	1	1	1
gi|16799079	675580	6.0	6.0	1	1	1	1	1
gi|17227497	New.59.CleanUp.ReferenceOTU1749933	7.0	7.0	1	1	1	1	1
gi|17544719	651436	7.0	7.0	1	1	1	1	1
gi|17986284	823809	94.0	94.0	1	1	1	1	1
gi|17988344	823809	94.0	94.0	1	1	1	1	1
gi|18308982	4448928	41.0	41.0	1	1	1	1	1
gi|58036263	650171	16.0	16.0	3.0	5.0	1	1	1
gi|20088899	2940299	1	1	1	1	1	1	1
gi|32141095	592398	450.0	450.0	1	1	1	1	1
gi|21226102	2940299	1	1	1	1	1	1	1
gi|42779081	1532107	106557.0	106557.0	1	1	1	1	1
gi|30260195	1532107	106557.0	106557.0	1	1	1	1	1
gi|70728250	2534143	534.0	534.0	1	1	1	1	1
gi|23097455	3969829	39.0	39.0	1	1	1	1	1
gi|414561716	829702	6581.0	6581.0	2.0	1	1	1	1
gi|25026556	650171	16.0	16.0	3.0	5.0	1	1	1
gi|27375111	245495	9.0	9.0	1	1	1	1	1
gi|50118965	555725	4.0	4.0	1	1	1	1	1
gi|32447382	New.59.CleanUp.ReferenceOTU1113095	3.0	3.0	1	1	1	1	1
gi|28867243	4128270	1085.0	1085.0	7.0	1	1	1	1
gi|29140543	676211	455.0	455.0	1	1	2.0	1	1
gi|29345410	3745352	4.0	4.0	1	1	1	1	1
gi|30018278	1532107	106557.0	106557.0	1	1	1	1	1
gi|30248031	New.19.CleanUp.ReferenceOTU21714	8.0	8.0	1	1	1	1	1
gi|34495455	New.5.CleanUp.ReferenceOTU257512	41.0	41.0	1	1	5.0	1	1
gi|37524032	New.42.CleanUp.ReferenceOTU89779	1.0	1.0	1	1	1	1	1
gi|42521650	New.59.CleanUp.ReferenceOTU610900	2.0	2.0	1	1	1	1	1
gi|71733195	2534143	534.0	534.0	1	1	1	1	1
gi|45655914	New.59.CleanUp.ReferenceOTU396625	5.0	5.0	1	1	1	1	1
gi|49183039	1532107	106557.0	106557.0	1	1	1	1	1
gi|49476684	1532107	106557.0	106557.0	1	1	1	1	1
gi|50083297	584176	38994.0	38994.0	1	9.0	1.0	1	1
gi|51594359	274754	1208794.0	1208794.0	1	1	1	1	1
gi|51891138	New.19.CleanUp.ReferenceOTU16224	530.0	530.0	2.0	1	1	1	1
gi|163119169	4301491	140.0	140.0	1	1	3.0	1	1
gi|52140164	1532107	106557.0	106557.0	1	1	1	1	1
gi|52783855	4301491	140.0	140.0	1	1	3.0	1	1
gi|53717639	3423513	1213.0	1213.0	2.0	1	643.0	10.0	1
gi|53721039	3423513	1213.0	1213.0	2.0	1	643.0	10.0	1
gi|54021964	4393724	182.0	182.0	1	1	1	1	1
gi|54295983	New.5.CleanUp.ReferenceOTU328310	21.0	21.0	1	1	1	1	1
gi|54292964	7920	25.0	25.0	1	1	1	1	1
gi|56412276	676211	455.0	455.0	1	1	2.0	1	1
gi|56475432	161269	153.0	153.0	1	1	1	1	1
gi|56961782	4380901	22.0	22.0	1	1	1	1	1
gi|57639935	1132905	7.0	7.0	1	1	1	1	1
gi|58616727	New.59.CleanUp.ReferenceOTU167468	16.0	16.0	1	1	1	1	1
gi|58579623	New.59.CleanUp.ReferenceOTU970195	11.0	11.0	1	1	1	1	1
gi|62178570	676211	455.0	455.0	1	1	2.0	1	1
gi|62388892	650171	16.0	16.0	3.0	5.0	1	1	1
gi|66043271	4128270	1085.0	1085.0	7.0	1	1	1	1
gi|68535062	650171	16.0	16.0	3.0	5.0	1	1	1
gi|70725001	137056	505.0	505.0	1	1	1	1	1
gi|71064581	New.42.CleanUp.ReferenceOTU24973	26.0	26.0	1	1	1	1	1
gi|71905642	779751	1081.0	1081.0	1	1	3.0	1	1
gi|73537298	2111163	112.0	112.0	1	2.0	1	1	1
gi|73661309	4427114	18.0	18.0	1	1	1	1	1
gi|73667559	2940299	1	1	1	1	1	1	1
gi|74316018	72646	16.0	16.0	1	2.0	1	1	1
gi|75674199	829415	12751.0	12751.0	1	1	1	1	1
gi|75906225	New.59.CleanUp.ReferenceOTU1749933	7.0	7.0	1	1	1	1	1
gi|76808520	3423513	1213.0	1213.0	2.0	1	643.0	10.0	1
gi|76817237	3423513	1213.0	1213.0	2.0	1	643.0	10.0	1
gi|255961261	New.59.CleanUp.ReferenceOTU859884	2.0	2.0	1	1	1	1	1
gi|552535527	831098	518.0	518.0	1	750.0	2.0	1	1
gi|552536492	831098	518.0	518.0	1	750.0	2.0	1	1
gi|78059643	3423513	1213.0	1213.0	2.0	1	643.0	10.0	1
gi|78064658	3423513	1213.0	1213.0	2.0	1	643.0	10.0	1
gi|78060853	3423513	1213.0	1213.0	2.0	1	643.0	10.0	1
gi|78185892	New.5.CleanUp.ReferenceOTU527489	1	1	1	1	1	1	1
gi|78187984	New.5.CleanUp.ReferenceOTU415545	1	1	1	1	1	1	1
gi|78221228	109573	93.0	93.0	1	1	1	1	1
gi|78355047	New.13.CleanUp.ReferenceOTU194373	1	1	1	1	1.0	1	1
gi|50196905	1532107	106557.0	106557.0	1	1	1	1	1
gi|82542618	141145	3153.0	3153.0	1	1	1	1	1
gi|82701135	New.59.CleanUp.ReferenceOTU905875	2.0	2.0	1	1	1	1	1
gi|83591340	New.19.CleanUp.ReferenceOTU38948	21642.0	21642.0	148.0	1	1	1	1
gi|83588874	New.5.CleanUp.ReferenceOTU66795	52.0	52.0	1	1	1	1	1
gi|83718394	3423513	1213.0	1213.0	2.0	1	643.0	10.0	1
gi|84488831	New.5.CleanUp.ReferenceOTU54871	2.0	2.0	1	1	1	1	1
gi|86156430	New.59.CleanUp.ReferenceOTU385851	10.0	10.0	1	1	1	1	1
gi|86355669	4338661	5181.0	5181.0	1	1	1	1	1
gi|86604733	New.28.CleanUp.ReferenceOTU355847	2.0	2.0	1	1	1	1	1
gi|88607955	New.5.CleanUp.ReferenceOTU530301	9.0	9.0	1	1	1	1	1
gi|89255449	535071	1	1	1	1	1.0	1	1
gi|89892746	161579	37.0	37.0	1	1	1	1	1
gi|90421528	239139	14320.0	14320.0	14.0	1	1.0	3.0	1
gi|91774356	2221290	41.0	41.0	1	1	1	1	1
gi|91781384	New.59.CleanUp.ReferenceOTU454412	2.0	2.0	1	1	1	1	1
gi|91777110	New.59.CleanUp.ReferenceOTU454412	2.0	2.0	1	1	1	1	1
gi|92112136	New.19.CleanUp.ReferenceOTU19338	28.0	28.0	1	1	1	1	1
gi|92115633	245495	9.0	9.0	1	1	1	1	1
gi|93004831	New.42.CleanUp.ReferenceOTU24973	26.0	26.0	1	1	1	1	1
gi|104779316	821119	17.0	17.0	1	1	1	1	1
gi|108756767	New.59.ReferenceOTU2700	2.0	2.0	1	1	1	1	1
gi|108802856	New.7.CleanUp.ReferenceOTU58177	18555.0	18555.0	1	1	1	1	1
gi|108810166	274754	1208794.0	1208794.0	1	1	1	1	1
gi|108805998	274754	1208794.0	1208794.0	1	1	1	1	1
gi|110636427	New.59.CleanUp.ReferenceOTU785688	2.0	2.0	1	1	1	1	1
gi|110798562	4448928	41.0	41.0	1	1	1	1	1
gi|110801439	4448928	41.0	41.0	1	1	1	1	1
gi|111017022	136453	198.0	198.0	1	1	1	1	1
gi|113866031	61812	20.0	20.0	1	1	1	1	1
gi|116693960	61812	20.0	20.0	1	1	1	1	1
gi|114326664	New.5.CleanUp.ReferenceOTU375428	11.0	11.0	112.0	1	1	1	1
gi|116249766	4338661	5181.0	5181.0	1	1	1	1	1
gi|115350056	New.52.CleanUp.ReferenceOTU34443	2.0	2.0	1	1	1	1	1
gi|115522030	239139	14320.0	14320.0	14.0	1	1.0	3.0	1
gi|116048575	827497	3939.0	3939.0	1	1	1	1	1
gi|116332681	463794	42.0	42.0	1	1	1	1	1
gi|116326852	New.59.CleanUp.ReferenceOTU396625	5.0	5.0	1	1	1	1	1
gi|116668568	56625	35410.0	35410.0	1	1	1	1	1
gi|116688024	3423513	1213.0	1213.0	2.0	1	643.0	10.0	1
gi|116686245	3423513	1213.0	1213.0	2.0	1	643.0	10.0	1
gi|116871422	675580	6.0	6.0	1	1	1	1	1
gi|117918459	3974550	606.0	606.0	1	1	1	1	1
gi|118462219	264791	378.0	378.0	1	1	1	1	1
gi|118578449	4444550	6203.0	6203.0	1	1	1	1	1
gi|119382757	4462474	93.0	93.0	1	92.0	1.0	1	1
gi|119385557	4462474	93.0	93.0	1	92.0	1.0	1	1
gi|119714272	4437318	788.0	788.0	1	835.0	1	1	1
gi|119773142	3505032	2.0	2.0	11.0	1	1	1	1
gi|119896292	161269	153.0	153.0	1	1	1	1	1
gi|119960487	4318815	18347.0	18347.0	1	1	1	1	1
gi|120552944	4119088	1	1	1	3.0	1	1	1
gi|120608714	1120966	67699.0	67699.0	1	15.0	1	4.0	2.0
gi|121602919	4395995	537.0	537.0	1	1	1	2.0	1
gi|121592436	4044599	22.0	22.0	1	1	1	1	1
gi|121607004	New.52.CleanUp.ReferenceOTU157023	14.0	14.0	1	1	1	1	1
gi|123440403	274754	1208794.0	1208794.0	1	1	1	1	1
gi|124265193	781055	182.0	182.0	9.0	3.0	1	1	1
gi|126460778	831098	518.0	518.0	1	750.0	2.0	1	1
gi|126463752	831098	518.0	518.0	1	750.0	2.0	1	1
gi|126438353	3423513	1213.0	1213.0	2.0	1	643.0	10.0	1
gi|126442307	3423513	1213.0	1213.0	2.0	1	643.0	10.0	1
gi|126451443	3423513	1213.0	1213.0	2.0	1	643.0	10.0	1
gi|126455463	3423513	1213.0	1213.0	2.0	1	643.0	10.0	1
gi|134096620	New.7.CleanUp.ReferenceOTU281942	11.0	11.0	1	1	1	1	1
gi|134290884	3423513	1213.0	1213.0	2.0	1	643.0	10.0	1
gi|134294128	3423513	1213.0	1213.0	2.0	1	643.0	10.0	1
gi|138893679	New.19.CleanUp.ReferenceOTU3126	44.0	44.0	1	1	1	1	1
gi|145220606	90701	1877.0	1877.0	1	1	1	1	1
gi|145294042	650171	16.0	16.0	3.0	5.0	1	1	1
gi|145592566	1137749	5736.0	5736.0	1	1	1	1	1
gi|146276058	238148	1060.0	1060.0	3.0	2460.0	1	1	1
gi|146280397	821119	17.0	17.0	1	1	1	1	1
gi|146309667	210269	123684.0	123684.0	1	1	1	1	1
gi|146291111	829702	6581.0	6581.0	2.0	1	1	1	1
gi|146305042	312988	630.0	630.0	1	1	1	1	1
gi|146297766	264229	9592.0	9592.0	1	1	1	1	1
gi|147918682	New.5.CleanUp.ReferenceOTU392018	17257.0	17257.0	1	1	1	1	1
gi|148262085	4403866	21.0	21.0	1	1	1	1	1
gi|148251626	245495	9.0	9.0	1	1	1	1	1
gi|295815281	New.5.CleanUp.ReferenceOTU328310	21.0	21.0	1	1	1	1	1
gi|148378011	New.5.CleanUp.ReferenceOTU464200	646.0	646.0	4.0	1	1	1	1
gi|148552929	New.59.CleanUp.ReferenceOTU1055532	7.0	7.0	1	1	1	1	1
gi|148545259	277094	96.0	96.0	1	1	1	1	1
gi|148651817	4295725	1	1	1	8.0	59.0	1	1
gi|148821191	264791	378.0	378.0	1	1	1	1	1
gi|511542232	4400098	332.0	332.0	1	45.0	1	1	1
gi|150395228	New.24.CleanUp.ReferenceOTU38683	383.0	383.0	29.0	1	1	1	1
gi|152968582	210269	123684.0	123684.0	1	1	1	1	1
gi|152994043	3691753	2.0	2.0	1	1	1	1	1
gi|152983466	827497	3939.0	3939.0	1	1	1	1	1
gi|152979768	537961	494.0	494.0	1	1	1	1	1
gi|255961475	240451	722.0	722.0	1	1	1	1	1
gi|153007346	823809	94.0	94.0	1	1	1	1	1
gi|153010078	823809	94.0	94.0	1	1	1	1	1
gi|152973854	1532107	106557.0	106557.0	1	1	1	1	1
gi|153934468	New.5.CleanUp.ReferenceOTU464200	646.0	646.0	4.0	1	1	1	1
gi|153952670	New.5.CleanUp.ReferenceOTU17429	18.0	18.0	1	1	1.0	1	1
gi|154173617	430191	251.0	251.0	6.0	1	1	1	1
gi|154243958	New.59.CleanUp.ReferenceOTU512154	2.0	2.0	1	1	1	1	1
gi|154684518	4441266	720.0	720.0	1	1	1	1	1
gi|157144296	141145	3153.0	3153.0	1	1	1	1	1
gi|157163852	430191	251.0	251.0	6.0	1	1	1	1
gi|157368249	274754	1208794.0	1208794.0	1	1	1	1	1
gi|157690798	4477551	125.0	125.0	1	1	1	1	1
gi|158311867	New.59.CleanUp.ReferenceOTU291228	13.0	13.0	1	1	1	1	1
gi|158520017	New.13.CleanUp.ReferenceOTU29063	1	1	1	1	1	1	1
gi|159035674	1137749	5736.0	5736.0	1	1	1	1	1
gi|159896533	New.5.CleanUp.ReferenceOTU136119	13.0	13.0	1	1	1	1	1
gi|160878162	159911	2.0	2.0	1	1	1	1	1
gi|160895450	4469492	1926.0	1926.0	1	1	1	1	1
gi|161523180	New.59.CleanUp.ReferenceOTU36879	20.0	20.0	1	1	1	1	1
gi|161519706	New.59.CleanUp.ReferenceOTU36879	20.0	20.0	1	1	1	1	1
gi|161522356	New.59.CleanUp.ReferenceOTU36879	20.0	20.0	1	1	1	1	1
gi|162145846	New.42.CleanUp.ReferenceOTU25644	48.0	48.0	1	1	1	1	1
gi|162448269	New.7.CleanUp.ReferenceOTU119570	378.0	378.0	1	1	8.0	1	1
gi|162446888	1142965	2.0	2.0	1	1	1	1	1
gi|163838769	56625	35410.0	35410.0	1	1	1	1	1
gi|163854304	4483058	1303.0	1303.0	1	1	1	1	1
gi|163938013	1532107	106557.0	106557.0	1	1	1	1	1
gi|167031021	277094	96.0	96.0	1	1	1	1	1
gi|167626225	535071	1	1	1	1	1.0	1	1
gi|255961476	New.19.CleanUp.ReferenceOTU17299	10.0	10.0	1	1	1	1	1
gi|169825618	71751	10.0	10.0	1	1	1	1	1
gi|169830219	105370	55.0	55.0	1	1	1	1	1
gi|170022262	274754	1208794.0	1208794.0	1	1	1	1	1
gi|170018061	141145	3153.0	3153.0	1	1	1	1	1
gi|170079663	141145	3153.0	3153.0	1	1	1	1	1
gi|170719187	277094	96.0	96.0	1	1	1	1	1
gi|170746450	572586	4.0	4.0	1	1	1	1	1
gi|170731356	3423513	1213.0	1213.0	2.0	1	643.0	10.0	1
gi|170738367	New.7.CleanUp.ReferenceOTU235695	6.0	6.0	1	1	1	1	1
gi|170734517	3423513	1213.0	1213.0	2.0	1	643.0	10.0	1
gi|170735571	3423513	1213.0	1213.0	2.0	1	643.0	10.0	1
gi|170754211	New.5.CleanUp.ReferenceOTU464200	646.0	646.0	4.0	1	1	1	1
gi|170758191	New.5.CleanUp.ReferenceOTU464200	646.0	646.0	4.0	1	1	1	1
gi|171056692	1855596	2804.0	2804.0	1	1	1	1	1
gi|188590795	New.52.CleanUp.ReferenceOTU125726	4.0	4.0	1	1	1	1	1
gi|188591847	New.52.CleanUp.ReferenceOTU125726	4.0	4.0	1	1	1	1	1
gi|172059067	3423513	1213.0	1213.0	2.0	1	643.0	10.0	1
gi|197283915	3610691	92.0	92.0	1	1	1	1	1
gi|172056045	New.52.CleanUp.ReferenceOTU144875	2.0	2.0	1	1	1	1	1
gi|182411826	New.42.CleanUp.ReferenceOTU45167	8.0	8.0	1	1	1	1	1
gi|182433793	77193	8.0	8.0	1	1	1	1	1
gi|182677002	New.5.CleanUp.ReferenceOTU370784	7.0	7.0	1	1	1	1	1
gi|183219427	574140	12.0	12.0	1	1	1	1	1
gi|186471973	New.59.CleanUp.ReferenceOTU920903	9.0	9.0	1	1	1	1	1
gi|186680550	New.59.CleanUp.ReferenceOTU1396002	3.0	3.0	1	1	1	1	1
gi|186893344	274754	1208794.0	1208794.0	1	1	1	1	1
gi|187918714	New.59.CleanUp.ReferenceOTU454412	2.0	2.0	1	1	1	1	1
gi|187930913	535071	1	1	1	1	1.0	1	1
gi|187922035	New.59.CleanUp.ReferenceOTU454412	2.0	2.0	1	1	1	1	1
gi|188532165	210269	123684.0	123684.0	1	1	1	1	1
gi|189218017	New.53.CleanUp.ReferenceOTU1186744	42.0	42.0	1	1	1	1	1
gi|189348893	New.59.CleanUp.ReferenceOTU36879	20.0	20.0	1	1	1	1	1
gi|189423082	1143602	9.0	9.0	1	1	1	1	1
gi|189909570	574140	12.0	12.0	1	1	1	1	1
gi|190572091	New.52.CleanUp.ReferenceOTU39319	2.0	2.0	1	1	1	1	1
gi|190889639	4338661	5181.0	5181.0	1	1	1	1	1
gi|192358779	New.19.CleanUp.ReferenceOTU36857	2.0	2.0	1	1	1	1	1
gi|194363778	635524	2223.0	2223.0	1	1	1	1	1
gi|194442203	676211	455.0	455.0	1	1	2.0	1	1
gi|194447306	676211	455.0	455.0	1	1	2.0	1	1
gi|194733902	676211	455.0	455.0	1	1	2.0	1	1
gi|197120421	New.59.CleanUp.ReferenceOTU385851	10.0	10.0	1	1	1	1	1
gi|197116402	New.59.CleanUp.ReferenceOTU406055	8.0	8.0	1	1	1	1	1
gi|197247352	676211	455.0	455.0	1	1	2.0	1	1
gi|198241740	676211	455.0	455.0	1	1	2.0	1	1
gi|209542188	New.42.CleanUp.ReferenceOTU25644	48.0	48.0	1	1	1	1	1
gi|209547612	4338661	5181.0	5181.0	1	1	1	1	1
gi|209883160	245495	9.0	9.0	1	1	1	1	1
gi|217957581	1532107	106557.0	106557.0	1	1	1	1	1
gi|217963303	675580	6.0	6.0	1	1	1	1	1
gi|237653092	4464495	119.0	119.0	1	1	1	1	1
gi|218230750	1532107	106557.0	106557.0	1	1	1	1	1
gi|218244892	New.11.CleanUp.ReferenceOTU52440	1	1	1	1	7.0	1	1
gi|218437013	New.9.CleanUp.ReferenceOTU85413	7.0	7.0	1	1	1	1	1
gi|218665024	New.52.CleanUp.ReferenceOTU66539	8.0	8.0	1	1	1	1	1
gi|218885109	3203828	11.0	11.0	1	1	1	1	1
gi|218888746	827497	3939.0	3939.0	1	1	1	1	1
gi|218895141	1532107	106557.0	106557.0	1	1	1	1	1
gi|218901206	1532107	106557.0	106557.0	1	1	1	1	1
gi|219666071	161579	37.0	37.0	1	1	1	1	1
gi|219850687	New.5.CleanUp.ReferenceOTU376307	631.0	631.0	1	1	1	1	1
gi|219853343	New.5.CleanUp.ReferenceOTU17429	18.0	18.0	1	1	1.0	1	1
gi|219870279	4404220	14.0	14.0	1	1	1	1	1
gi|220905643	818188	423.0	423.0	1	4.0	1	1	1
gi|220910783	56625	35410.0	35410.0	1	1	1	1	1
gi|220915123	New.59.CleanUp.ReferenceOTU385851	10.0	10.0	1	1	1	1	1
gi|220920054	New.19.CleanUp.ReferenceOTU28596	457.0	457.0	1	1	1	1	1
gi|220927459	New.53.CleanUp.ReferenceOTU579238	2.0	2.0	1	1	1	1	1
gi|221368938	831098	518.0	518.0	1	750.0	2.0	1	1
gi|221638099	831098	518.0	518.0	1	750.0	2.0	1	1
gi|222093774	1532107	106557.0	106557.0	1	1	1	1	1
gi|222053117	284868	42.0	42.0	1	1	1	1	1
gi|222084201	4338661	5181.0	5181.0	1	1	1	1	1
gi|222106127	4045633	3543.0	3543.0	1	1	1	1	1
gi|222147015	4045633	3543.0	3543.0	1	1	1	1	1
gi|222109225	4044599	22.0	22.0	1	1	1	1	1
gi|222152201	4424239	33.0	33.0	1	1	1	1	1
gi|222823046	430191	251.0	251.0	6.0	1	1	1	1
gi|224988383	264791	378.0	378.0	1	1	1	1	1
gi|259906682	676211	455.0	455.0	1	1	2.0	1	1
gi|225847840	111129	1	1	1	1	1	1	1
gi|225862057	1532107	106557.0	106557.0	1	1	1	1	1
gi|226222639	675580	6.0	6.0	1	1	1	1	1
gi|226225406	New.59.CleanUp.ReferenceOTU1221851	5.0	5.0	1	1	1	1	1
gi|226309587	New.52.CleanUp.ReferenceOTU144891	3.0	3.0	1	1	1	1	1
gi|226359415	New.59.CleanUp.ReferenceOTU1072262	7.0	7.0	1	1	1	1	1
gi|226354810	New.5.CleanUp.ReferenceOTU446412	6.0	6.0	1	1	1	1	1
gi|226942170	1119053	185.0	185.0	1	1	1	1	1
gi|226947222	New.5.CleanUp.ReferenceOTU464200	646.0	646.0	4.0	1	1	1	1
gi|227812678	1532107	106557.0	106557.0	1	1	1	1	1
gi|227820587	2675752	714.0	714.0	1	1	1	1	1
gi|237793320	New.5.CleanUp.ReferenceOTU464200	646.0	646.0	4.0	1	1	1	1
gi|229599883	1532107	106557.0	106557.0	1	1	1	1	1
gi|229587578	4352233	109298.0	109298.0	1	1	1	1	1
gi|229818502	New.53.CleanUp.ReferenceOTU64107	9.0	9.0	1	1	1	1	1
gi|229915734	4480598	17.0	17.0	1	1	1	1	1
gi|339717964	3423513	1213.0	1213.0	2.0	1	643.0	10.0	1
gi|339905954	3423513	1213.0	1213.0	2.0	1	643.0	10.0	1
gi|238892256	210269	123684.0	123684.0	1	1	1	1	1
gi|238915976	316732	2.0	2.0	1	1	1	1	1
gi|239904639	New.5.CleanUp.ReferenceOTU281850	2.0	2.0	1	1	1	1	1
gi|239916571	4422405	134.0	134.0	1	1	1	1	1
gi|241202755	4338661	5181.0	5181.0	1	1	1	1	1
gi|242277482	New.5.CleanUp.ReferenceOTU409824	3.0	3.0	1	1	1	1	1
gi|387823261	141145	3153.0	3153.0	1	1	1	1	1
gi|251787652	555725	4.0	4.0	1	1	1	1	1
gi|251794036	New.59.CleanUp.ReferenceOTU1506891	3.0	3.0	1	1	1	1	1
gi|253686409	274365	851393.0	851393.0	1	1	1	1	1
gi|253698656	4403866	21.0	21.0	1	1	1	1	1
gi|253754647	4424239	33.0	33.0	1	1	1	1	1
gi|253771435	141145	3153.0	3153.0	1	1	1	1	1
gi|254160123	141145	3153.0	3153.0	1	1	1	1	1
gi|387825439	141145	3153.0	3153.0	1	1	1	1	1
gi|254804028	4431355	10.0	10.0	1	1	1	1	1
gi|255529916	New.53.CleanUp.ReferenceOTU131085	379.0	379.0	1	1	1	1	1
gi|255534169	4455618	395.0	395.0	1	1	1	1	1
gi|256419057	New.52.CleanUp.ReferenceOTU8235	3.0	3.0	1	1	1	1	1
gi|257054089	13024	47.0	47.0	1	1	1	1	1
gi|257057919	New.11.CleanUp.ReferenceOTU52440	1	1	1	1	7.0	1	1
gi|257067223	963004	2.0	2.0	1	1	1	1	1
gi|256827818	New.5.CleanUp.ReferenceOTU464553	10.0	10.0	1	1	1	1	1
gi|257091663	New.59.CleanUp.ReferenceOTU602796	7.0	7.0	1	1	1	1	1
gi|257386085	137889	1	1	1	1	1	1	1
gi|260752245	New.11.CleanUp.ReferenceOTU94987	1	1	1	1	1.0	1	1
gi|261403876	4428732	1648.0	1648.0	1	1	6.0	1	1
gi|261819370	New.52.CleanUp.ReferenceOTU75493	5.0	5.0	1	1	1	1	1
gi|590001402	576010	152.0	152.0	2.0	1	1	1	1
gi|269124277	New.19.CleanUp.ReferenceOTU38993	3.0	3.0	1	1	1	1	1
gi|269954810	New.9.CleanUp.ReferenceOTU218869	136.0	136.0	141.0	1	1	1	1
gi|271498578	555725	4.0	4.0	1	1	1	1	1
gi|271961609	New.59.CleanUp.ReferenceOTU1505721	2.0	2.0	1	1	1	1	1
gi|282162670	253964	160.0	160.0	1	1	1	1	1
gi|285016821	338929	707.0	707.0	1	1	1	1	1
gi|284034943	New.53.CleanUp.ReferenceOTU823551	8.0	8.0	1	1	1	1	1
gi|284163295	4350280	1	1	1	1	1	1	1
gi|284988629	New.52.CleanUp.ReferenceOTU116773	46.0	46.0	1	1	1	1	1
gi|662858600	675580	6.0	6.0	1	1	1	1	1
gi|284993440	675580	6.0	6.0	1	1	1	1	1
gi|316994385	830475	10.0	10.0	1	1	1	1	1
gi|288932888	210269	123684.0	123684.0	1	1	1	1	1
gi|288956841	New.59.CleanUp.ReferenceOTU1401683	5.0	5.0	1	1	1	1	1
gi|289163353	7920	25.0	25.0	1	1	1	1	1
gi|289433373	675580	6.0	6.0	1	1	1	1	1
gi|290473094	New.24.CleanUp.ReferenceOTU49665	6.0	6.0	1	1	1	1	1
gi|290954631	New.59.CleanUp.ReferenceOTU1069293	2.0	2.0	1	1	1	1	1
gi|291280824	141145	3153.0	3153.0	1	1	1	1	1
gi|332139403	4455895	2362.0	2362.0	1	1	1	1	1
gi|292486492	676211	455.0	455.0	1	1	2.0	1	1
gi|292654178	156718	1	1	1	1	1	1	1
gi|292897734	676211	455.0	455.0	1	1	2.0	1	1
gi|294494690	2940299	1	1	1	1	1	1	1
gi|294009986	New.59.CleanUp.ReferenceOTU1399481	2.0	2.0	1	1	1	1	1
gi|294146429	New.59.CleanUp.ReferenceOTU1399481	2.0	2.0	1	1	1	1	1
gi|294496875	557526	1060.0	1060.0	1	1	1	1	1
gi|294675557	831098	518.0	518.0	1	750.0	2.0	1	1
gi|295687459	811257	7208.0	7208.0	23.0	112.0	63.0	1.0	1.0
gi|295702242	557526	1060.0	1060.0	1	1	1	1	1
gi|295675101	1144189	5.0	5.0	1	1	1	1	1
gi|295698848	1144189	5.0	5.0	1	1	1	1	1
gi|296100371	950606	15.0	15.0	1	1	1	1	1
gi|296105497	7920	25.0	25.0	1	1	1	1	1
gi|296127869	788268	376.0	376.0	1	1	1	1	2.0
gi|296137750	543675	18.0	18.0	1	1	1	1	1
gi|296271545	277566	1	1	1	1	1	1	1
gi|296500838	1532107	106557.0	106557.0	1	1	1	1	1
gi|297558985	956334	16.0	16.0	1	1	1	1	1
gi|297563784	956334	16.0	16.0	1	1	1	1	1
gi|300721089	New.52.CleanUp.ReferenceOTU136854	2.0	2.0	1	1	1	1	1
gi|298489614	New.24.CleanUp.ReferenceOTU41736	1541.0	1541.0	1	1	1	1	1
gi|299768250	584176	38994.0	38994.0	1	9.0	1.0	1	1
gi|300714588	508943	6.0	6.0	1	1	1	1	1
gi|300702374	651436	7.0	7.0	1	1	1	1	1
gi|300689714	651436	7.0	7.0	1	1	1	1	1
gi|300021538	New.5.CleanUp.ReferenceOTU62252	178.0	178.0	1	1	1	1	1
gi|300087139	New.5.CleanUp.ReferenceOTU23220	9.0	9.0	8.0	1	1	1	1
gi|300781937	New.59.CleanUp.ReferenceOTU294692	2.0	2.0	1	1	1	1	1
gi|300309346	617340	15532.0	15532.0	1	1	1	1	1
gi|300853232	60611	20.0	20.0	1	1	1	1	1
gi|300869639	New.36.CleanUp.ReferenceOTU477668	18.0	18.0	1	1	1	1	1
gi|301051741	1532107	106557.0	106557.0	1	1	1	1	1
gi|302336548	New.13.CleanUp.ReferenceOTU143645	1	1	1	1	1	1	1
gi|302341444	New.13.CleanUp.ReferenceOTU559611	67.0	67.0	1	1	1	1	1
gi|302864508	195864	3807.0	3807.0	1	1	1	1	1
gi|302872922	New.53.CleanUp.ReferenceOTU156766	2.0	2.0	1	1	1	1	1
gi|302877245	New.5.CleanUp.ReferenceOTU28452	9.0	9.0	1	1	1	1	1
gi|305672698	4441266	720.0	720.0	1	1	1	1	1
gi|308066838	4428732	1648.0	1648.0	1	1	6.0	1	1
gi|307128764	555725	4.0	4.0	1	1	1	1	1
gi|307149945	New.9.CleanUp.ReferenceOTU85413	7.0	7.0	1	1	1	1	1
gi|307352168	New.12.CleanUp.ReferenceOTU82225	1	1	1	1	1	1	1
gi|307543589	4322642	142.0	142.0	1	46.0	9.0	1	1
gi|307725550	New.59.CleanUp.ReferenceOTU454412	2.0	2.0	1	1	1	1	1
gi|308171891	4441266	720.0	720.0	1	1	1	1	1
gi|308185541	508943	6.0	6.0	1	1	1	1	1
gi|310657316	261084	378.0	378.0	1	1	1	1	1
gi|311277332	676211	455.0	455.0	1	1	2.0	1	1
gi|310639471	4428732	1648.0	1648.0	1	1	6.0	1	1
gi|310814533	679605	2.0	2.0	1	2.0	1.0	1	1
gi|311066968	4441266	720.0	720.0	1	1	1	1	1
gi|311103224	68617	1819.0	1819.0	1	1	1	1	1
gi|312128809	New.24.CleanUp.ReferenceOTU19391	5.0	5.0	1	1	1	1	1
gi|312137514	4393724	182.0	182.0	1	1	1	1	1
gi|312193897	New.59.CleanUp.ReferenceOTU582834	55.0	55.0	1	1	1	1	1
gi|312794749	3423513	1213.0	1213.0	2.0	1	643.0	10.0	1
gi|313199777	2221290	41.0	41.0	1	1	1	1	1
gi|313202490	575486	7.0	7.0	1	1	1	1	1
gi|315441696	90701	1877.0	1877.0	1	1	1	1	1
gi|315500818	195864	3807.0	3807.0	1	1	1	1	1
gi|315497051	551109	4.0	4.0	1	1	1	1	1
gi|315499382	551109	4.0	4.0	1	1	1	1	1
gi|317126741	4338984	93.0	93.0	1	1	6.0	1	1
gi|317120849	694537	308.0	308.0	1	1	1	1	1
gi|317054731	300143	2.0	2.0	1	1	1	1	1
gi|316931396	62406	70.0	70.0	1	1	1	1	1
gi|317046238	210269	123684.0	123684.0	1	1	1	1	1
gi|317151727	673048	1	1	1	1	1	1	1
gi|319779749	3004649	595.0	595.0	1	1	6.0	5.0	1
gi|319785620	New.59.CleanUp.ReferenceOTU346461	9.0	9.0	1	1	1	1	1
gi|319790694	350563	1971.0	1971.0	1	39.0	1	1	1
gi|320100209	1132905	7.0	7.0	1	1	1	1	1
gi|320352146	New.5.CleanUp.ReferenceOTU529746	2.0	2.0	1	1	1	1	1
gi|322417545	New.59.CleanUp.ReferenceOTU406055	8.0	8.0	1	1	1	1	1
gi|321311376	4441266	720.0	720.0	1	1	1	1	1
gi|322830733	274754	1208794.0	1208794.0	1	1	1	1	1
gi|323524377	New.59.CleanUp.ReferenceOTU454412	2.0	2.0	1	1	1	1	1
gi|323527923	New.59.CleanUp.ReferenceOTU454412	2.0	2.0	1	1	1	1	1
gi|326314823	1120966	67699.0	67699.0	1	15.0	1	4.0	2.0
gi|325961450	56625	35410.0	35410.0	1	1	1	1	1
gi|325282255	New.5.CleanUp.ReferenceOTU446412	6.0	6.0	1	1	1	1	1
gi|325284916	New.11.CleanUp.ReferenceOTU46364	1	1	1	1	1	1	1
gi|325102757	New.24.CleanUp.ReferenceOTU51437	94.0	94.0	1	1	1	1	1
gi|325291453	252822	11568.0	11568.0	1	1	1	1	1
gi|325957759	New.24.CleanUp.ReferenceOTU8910	8.0	8.0	1	1	1	1	1
gi|325980881	3950303	2.0	2.0	1	118.0	1	1	1
gi|328541624	New.42.CleanUp.ReferenceOTU319293	11.0	11.0	1	1	1	1	1
gi|326797444	140230	3.0	3.0	1	1	1	1	1
gi|331693899	1127819	57.0	57.0	1	1	1	1	1
gi|330819133	New.52.CleanUp.ReferenceOTU34443	2.0	2.0	1	1	1	1	1
gi|330806657	264913	38.0	38.0	1	1	1	1	1
gi|330814956	New.52.CleanUp.ReferenceOTU34443	2.0	2.0	1	1	1	1	1
gi|330822653	581921	284.0	284.0	1	1	1	1	1
gi|330831849	4424239	33.0	33.0	1	1	1	1	1
gi|332715374	252822	11568.0	11568.0	1	1	1	1	1
gi|332668532	788268	376.0	376.0	1	1	1	1	2.0
gi|332980605	New.5.CleanUp.ReferenceOTU220978	23.0	23.0	2.0	1	1	1	1
gi|333898208	277094	96.0	96.0	1	1	1	1	1
gi|333911667	4469492	1926.0	1926.0	1	1	1	1	1
gi|333917679	New.42.CleanUp.ReferenceOTU249631	3.0	3.0	1	1	1	1	1
gi|333922237	13912	2.0	2.0	1	1	1	1	1
gi|333924895	274754	1208794.0	1208794.0	1	1	1	1	1
gi|333929848	274754	1208794.0	1208794.0	1	1	1	1	1
gi|333981747	New.13.CleanUp.ReferenceOTU88484	709.0	709.0	1	1	1	1	1
gi|333977506	New.9.CleanUp.ReferenceOTU57299	18.0	18.0	1	1	1	1	1
gi|333992987	New.5.CleanUp.ReferenceOTU182091	13.0	13.0	1	1	1	1	1
gi|333996462	New.5.CleanUp.ReferenceOTU251133	3570.0	3570.0	1	1	1	1	1
gi|334139601	144589	541.0	541.0	1	3.0	1	1	1
gi|334338613	13912	2.0	2.0	1	1	1	1	1
gi|334314770	New.24.CleanUp.ReferenceOTU38683	383.0	383.0	29.0	1	1	1	1
gi|334343657	New.53.CleanUp.ReferenceOTU826098	2.0	2.0	1	1	1	1	1
gi|334342451	New.53.CleanUp.ReferenceOTU826098	2.0	2.0	1	1	1	1	1
gi|336065242	New.1.CleanUp.ReferenceOTU20596	2.0	2.0	1	1	1	1	1
gi|336112679	New.42.CleanUp.ReferenceOTU38675	2.0	2.0	1	1	1	1	1
gi|336115651	4466196	61.0	61.0	1	1	1.0	1	1
gi|337264537	513360	2624.0	2624.0	1	1	1	1	1
gi|336475959	2940299	1	1	1	1	1	1	1
gi|337277607	1120966	67699.0	67699.0	1	15.0	1	4.0	2.0
gi|337289620	4364814	12.0	12.0	1	1	1	1	1
gi|337735209	562096	75.0	75.0	1	1	1	1	1
gi|337744364	New.7.CleanUp.ReferenceOTU279193	4.0	4.0	1	1	1	1	1
gi|337754017	535071	1	1	1	1	1.0	1	1
gi|338729812	New.13.CleanUp.ReferenceOTU383421	1	1	1	1	1	1	1
gi|338736863	239537	3160.0	3160.0	1	1	1	1	1
gi|339321330	61812	20.0	20.0	1	1	1	1	1
gi|339324158	61812	20.0	20.0	1	1	1	1	1
gi|339484941	312988	630.0	630.0	1	1	1	1	1
gi|339490182	299516	3.0	3.0	1	1	1	1	1
gi|339492077	821119	17.0	17.0	1	1	1	1	1
gi|339626328	New.30.CleanUp.ReferenceOTU143226	7.0	7.0	1	1	1	1	1
gi|339630083	264791	378.0	378.0	1	1	1	1	1
gi|340620779	903886	3.0	3.0	1	1	1	1	1
gi|340785197	4445604	3636.0	3636.0	1	1	1	1	1
gi|340792956	4364814	12.0	12.0	1	1	1	1	1
gi|344205421	817926	164.0	164.0	1	9.0	28.0	1	1
gi|344997652	77193	8.0	8.0	1	1	1	1	1
gi|345007964	592398	450.0	450.0	1	1	1	1	1
gi|345297184	210269	123684.0	123684.0	1	1	1	1	1
gi|347534971	960076	18.0	18.0	1	1	1	1	1
gi|347537839	New.5.CleanUp.ReferenceOTU54186	6.0	6.0	1	1	1	1	1
gi|347750441	New.42.CleanUp.ReferenceOTU38675	2.0	2.0	1	1	1	1	1
gi|347753732	3696	3.0	3.0	1	1	1	1	1
gi|347756788	New.19.CleanUp.ReferenceOTU25404	2.0	2.0	1	1	1	1	1
gi|350264100	4441266	720.0	720.0	1	1	1	1	1
gi|352681234	New.33.CleanUp.ReferenceOTU194771	1	1	1	1	1	1	1
gi|357386972	3614443	536.0	536.0	1	1	1	1	1
gi|357397620	826658	168.0	168.0	1	1	1	1	1
gi|357409266	77193	8.0	8.0	1	1	1	1	1
gi|357418851	New.59.CleanUp.ReferenceOTU1240910	5.0	5.0	1	1	1	1	1
gi|386262266	1889810	4726.0	4726.0	1	1	1	1	1
gi|365968300	210269	123684.0	123684.0	1	1	1	1	1
gi|374982757	592398	450.0	450.0	1	1	1	1	1
gi|374992780	4307267	2.0	2.0	1	1	1	1	1
gi|377807392	1144796	3748.0	3748.0	1	1	1	1	1
gi|375133618	584176	38994.0	38994.0	1	9.0	1.0	1	1
gi|375137218	90701	1877.0	1877.0	1	1	1	1	1
gi|375143366	New.59.CleanUp.ReferenceOTU1481861	3.0	3.0	1	1	1	1	1
gi|375256816	950606	15.0	15.0	1	1	1	1	1
gi|372486701	4467400	2169.0	2169.0	4.0	8.0	1	1	1
gi|392380513	New.42.CleanUp.ReferenceOTU326114	5.0	5.0	1	1	1	1	1
gi|374286830	New.13.CleanUp.ReferenceOTU16955	5.0	5.0	1	1	1.0	1	1
gi|374290655	New.42.CleanUp.ReferenceOTU326114	5.0	5.0	1	1	1	1	1
gi|377812245	1144796	3748.0	3748.0	1	1	1	1	1
gi|374298386	New.59.CleanUp.ReferenceOTU1251768	4.0	4.0	1	1	1	1	1
gi|374319880	4428732	1648.0	1648.0	1	1	6.0	1	1
gi|375282101	1532107	106557.0	106557.0	1	1	1	1	1
gi|376264031	1532107	106557.0	106557.0	1	1	1	1	1
gi|375360690	4441266	720.0	720.0	1	1	1	1	1
gi|376256018	650171	16.0	16.0	3.0	5.0	1	1	1
gi|376286528	650171	16.0	16.0	3.0	5.0	1	1	1
gi|376289208	650171	16.0	16.0	3.0	5.0	1	1	1
gi|378775961	New.5.CleanUp.ReferenceOTU328310	21.0	21.0	1	1	1	1	1
gi|378824597	2675752	714.0	714.0	1	1	1	1	1
gi|378764971	4455895	2362.0	2362.0	1	1	1	1	1
gi|379704392	3244896	35.0	35.0	1	1	1	1	1
gi|378947941	155221	43787.0	43787.0	2.0	4.0	5.0	1.0	4.0
gi|378953804	676211	455.0	455.0	1	1	2.0	1	1
gi|378958130	676211	455.0	455.0	1	1	2.0	1	1
gi|378976159	210269	123684.0	123684.0	1	1	1	1	1
gi|378443454	676211	455.0	455.0	1	1	2.0	1	1
gi|378448274	676211	455.0	455.0	1	1	2.0	1	1
gi|379699217	676211	455.0	455.0	1	1	2.0	1	1
gi|378982542	676211	455.0	455.0	1	1	2.0	1	1
gi|378987404	676211	455.0	455.0	1	1	2.0	1	1
gi|379005799	New.30.CleanUp.ReferenceOTU143226	7.0	7.0	1	1	1	1	1
gi|379706264	4393724	182.0	182.0	1	1	1	1	1
gi|379009891	4317480	144.0	144.0	1	1	1	1	1
gi|378715556	4411489	15.0	15.0	1	1	1	1	1
gi|379718015	New.7.CleanUp.ReferenceOTU279193	4.0	4.0	1	1	1	1	1
gi|379733551	New.59.CleanUp.ReferenceOTU71157	2.0	2.0	1	1	1	1	1
gi|379744720	264791	378.0	378.0	1	1	1	1	1
gi|379752013	264791	378.0	378.0	1	1	1	1	1
gi|379759437	264791	378.0	378.0	1	1	1	1	1
gi|383452024	New.59.CleanUp.ReferenceOTU990105	23.0	23.0	1	1	1	1	1
gi|383313191	4364814	12.0	12.0	1	1	1	1	1
gi|383318453	253964	160.0	160.0	1	1	1	1	1
gi|383494824	676211	455.0	455.0	1	1	2.0	1	1
gi|384255905	274754	1208794.0	1208794.0	1	1	1	1	1
gi|384260349	New.36.CleanUp.ReferenceOTU1479950	2.0	2.0	1	1	1	1	1
gi|384263631	4441266	720.0	720.0	1	1	1	1	1
gi|383775170	39832	8287.0	8287.0	1	1	1	1	1
gi|383783295	New.59.CleanUp.ReferenceOTU96088	2.0	2.0	1	1	1	1	1
gi|383785713	New.59.CleanUp.ReferenceOTU943781	2.0	2.0	1	1	1	1	1
gi|384044176	557526	1060.0	1060.0	1	1	1	1	1
gi|384137007	274754	1208794.0	1208794.0	1	1	1	1	1
gi|384145136	New.59.CleanUp.ReferenceOTU294692	2.0	2.0	1	1	1	1	1
gi|384157612	4441266	720.0	720.0	1	1	1	1	1
gi|384162404	4441266	720.0	720.0	1	1	1	1	1
gi|384166624	4441266	720.0	720.0	1	1	1	1	1
gi|384173661	4441266	720.0	720.0	1	1	1	1	1
gi|674708758	4441266	720.0	720.0	1	1	1	1	1
gi|384177910	1532107	106557.0	106557.0	1	1	1	1	1
gi|384184088	1532107	106557.0	106557.0	1	1	1	1	1
gi|384213726	829415	12751.0	12751.0	1	1	1	1	1
gi|384456718	562096	75.0	75.0	1	1	1	1	1
gi|387816237	New.5.CleanUp.ReferenceOTU464200	646.0	646.0	4.0	1	1	1	1
gi|384503605	4364814	12.0	12.0	1	1	1	1	1
gi|387151873	1720567	1	1	1	1	1	1	1
gi|384514544	4364814	12.0	12.0	1	1	1	1	1
gi|384528107	New.24.CleanUp.ReferenceOTU38683	383.0	383.0	29.0	1	1	1	1
gi|384534464	New.24.CleanUp.ReferenceOTU38683	383.0	383.0	29.0	1	1	1	1
gi|385232493	679605	2.0	2.0	1	2.0	1.0	1	1
gi|387869382	676211	455.0	455.0	1	1	2.0	1	1
gi|385785459	210269	123684.0	123684.0	1	1	1	1	1
gi|387823583	535071	1	1	1	1	1.0	1	1
gi|385791932	535071	1	1	1	1	1.0	1	1
gi|385795588	2654188	281.0	281.0	1	1	1	1	1
gi|386006713	675580	6.0	6.0	1	1	1	1	1
gi|386009639	277094	96.0	96.0	1	1	1	1	1
gi|386014600	4455895	2362.0	2362.0	1	1	1	1	1
gi|386018640	821119	17.0	17.0	1	1	1	1	1
gi|386025288	675580	6.0	6.0	1	1	1	1	1
gi|386038690	4428732	1648.0	1648.0	1	1	6.0	1	1
gi|386042347	675580	6.0	6.0	1	1	1	1	1
gi|386045634	675580	6.0	6.0	1	1	1	1	1
gi|386048930	675580	6.0	6.0	1	1	1	1	1
gi|386052273	675580	6.0	6.0	1	1	1	1	1
gi|386056071	827497	3939.0	3939.0	1	1	1	1	1
gi|386062973	827497	3939.0	3939.0	1	1	1	1	1
gi|386077236	4455895	2362.0	2362.0	1	1	1	1	1
gi|523408232	651436	7.0	7.0	1	1	1	1	1
gi|386311792	829702	6581.0	6581.0	2.0	1	1	1	1
gi|386326719	274754	1208794.0	1208794.0	1	1	1	1	1
gi|386331671	651436	7.0	7.0	1	1	1	1	1
gi|386353647	826658	168.0	168.0	1	1	1	1	1
gi|386607309	141145	3153.0	3153.0	1	1	1	1	1
gi|386617516	141145	3153.0	3153.0	1	1	1	1	1
gi|386627502	141145	3153.0	3153.0	1	1	1	1	1
gi|386707734	141145	3153.0	3153.0	1	1	1	1	1
gi|386712343	New.52.CleanUp.ReferenceOTU21326	12.0	12.0	1	1	1	1	1
gi|386716467	New.52.CleanUp.ReferenceOTU39319	2.0	2.0	1	1	1	1	1
gi|511628970	New.7.CleanUp.ReferenceOTU279193	4.0	4.0	1	1	1	1	1
gi|386733873	1532107	106557.0	106557.0	1	1	1	1	1
gi|386756580	4441266	720.0	720.0	1	1	1	1	1
gi|386836097	77193	8.0	8.0	1	1	1	1	1
gi|387789281	New.7.CleanUp.ReferenceOTU256861	2.0	2.0	1	1	1	1	1
gi|386855208	241895	18.0	18.0	1	1	1	1	1
gi|386845069	28089	9606.0	9606.0	1	1	1	1	1
gi|470152509	555725	4.0	4.0	1	1	1	1	1
gi|387891255	4352233	109298.0	109298.0	1	1	1	1	1
gi|387896523	4441266	720.0	720.0	1	1	1	1	1
gi|387900762	3423513	1213.0	1213.0	2.0	1	643.0	10.0	1
gi|387905813	3423513	1213.0	1213.0	2.0	1	643.0	10.0	1
gi|389861738	New.52.CleanUp.ReferenceOTU32466	3.0	3.0	1	1	1	1	1
gi|395443650	277094	96.0	96.0	1	1	1	1	1
gi|398349897	2675752	714.0	714.0	1	1	1	1	1
gi|392391692	13900	3.0	3.0	1	1	1	1	1
gi|392413905	90701	1877.0	1877.0	1	1	1	1	1
gi|392419087	588637	50.0	50.0	1	24.0	4.0	1	1
gi|393198727	4302300	637.0	637.0	1	1	1	1	1
gi|392423459	257203	3.0	3.0	1	1	1	1	1
gi|392976867	210269	123684.0	123684.0	1	1	1	1	1
gi|392981410	827497	3939.0	3939.0	1	1	1	1	1
gi|397662556	New.5.CleanUp.ReferenceOTU328310	21.0	21.0	1	1	1	1	1
gi|397665626	New.5.CleanUp.ReferenceOTU328310	21.0	21.0	1	1	1	1	1
gi|561108321	264791	378.0	378.0	1	1	1	1	1
gi|397685123	New.19.CleanUp.ReferenceOTU3972	3.0	3.0	1	1	1	1	1
gi|399533820	New.59.CleanUp.ReferenceOTU294692	2.0	2.0	1	1	1	1	1
gi|402770565	1120835	30.0	30.0	1	1	1	1	1
gi|434373506	1532107	106557.0	106557.0	1	1	1	1	1
gi|402564811	3423513	1213.0	1213.0	2.0	1	643.0	10.0	1
gi|402570638	257203	3.0	3.0	1	1	1	1	1
gi|403056439	555725	4.0	4.0	1	1	1	1	1
gi|403516668	3423513	1213.0	1213.0	2.0	1	643.0	10.0	1
gi|403521294	3423513	1213.0	1213.0	2.0	1	643.0	10.0	1
gi|404212629	799497	93.0	93.0	1	1	1	1	1
gi|405748335	675580	6.0	6.0	1	1	1	1	1
gi|405751204	675580	6.0	6.0	1	1	1	1	1
gi|405754079	675580	6.0	6.0	1	1	1	1	1
gi|404279552	675580	6.0	6.0	1	1	1	1	1
gi|404282430	675580	6.0	6.0	1	1	1	1	1
gi|405756987	675580	6.0	6.0	1	1	1	1	1
gi|404285367	675580	6.0	6.0	1	1	1	1	1
gi|404412106	675580	6.0	6.0	1	1	1	1	1
gi|407450786	New.9.CleanUp.ReferenceOTU227688	1	1	1	1	1	1	1
gi|406702775	675580	6.0	6.0	1	1	1	1	1
gi|410477577	679240	4.0	4.0	1	1	1	1	1
gi|407708765	New.59.CleanUp.ReferenceOTU454412	2.0	2.0	1	1	1	1	1
gi|407641178	4393724	182.0	182.0	1	1	1	1	1
gi|407703236	1532107	106557.0	106557.0	1	1	1	1	1
gi|407711772	New.59.CleanUp.ReferenceOTU454412	2.0	2.0	1	1	1	1	1
gi|407719209	New.24.CleanUp.ReferenceOTU38683	383.0	383.0	29.0	1	1	1	1
gi|408355363	New.19.CleanUp.ReferenceOTU19235	10.0	10.0	1	1	1	1	1
gi|407936729	4469492	1926.0	1926.0	1	1	1	1	1
gi|410687359	1148151	18.0	18.0	1	1	1	1	1
gi|409101468	3897979	2.0	2.0	1	1	1	1	1
gi|409101469	3897979	2.0	2.0	1	1	1	1	1
gi|409187964	2940299	1	1	1	1	1	1	1
gi|409187965	1532107	106557.0	106557.0	1	1	1	1	1
gi|412337338	4483058	1303.0	1303.0	1	1	1	1	1
gi|426402010	New.59.CleanUp.ReferenceOTU610900	2.0	2.0	1	1	1	1	1
gi|426406915	155221	43787.0	43787.0	2.0	4.0	5.0	1.0	4.0
gi|433601838	63696	1289.0	1289.0	1	1	8.0	1	1
gi|427705465	143784	496.0	496.0	1	1	1	1	1
gi|427711179	35188	88.0	88.0	1	1	1	1	1
gi|427722021	99430	1	1	1	1	1	1	1
gi|428200461	New.42.CleanUp.ReferenceOTU5290	12.0	12.0	1	1	1	1	1
gi|428210537	New.59.CleanUp.ReferenceOTU135108	2.0	2.0	1	1	1	1	1
gi|428205073	New.9.CleanUp.ReferenceOTU167587	22.0	22.0	1	1	1	1	1
gi|428216284	New.5.CleanUp.ReferenceOTU428117	1	1	1	1	1	1	1
gi|428220140	New.59.CleanUp.ReferenceOTU927792	55.0	55.0	1	1	1	1	1
gi|428223461	New.59.CleanUp.ReferenceOTU1511702	45.0	45.0	1	1	1	1	1
gi|428315182	824855	2.0	2.0	1	1	1	1	1
gi|434390831	New.59.CleanUp.ReferenceOTU1075466	1406.0	1406.0	1	1	1	1	1
gi|434402184	New.5.CleanUp.ReferenceOTU81976	2.0	2.0	1	1	1	1	1
gi|428768415	768911	16.0	16.0	1	1	1	1	1
gi|428771848	768911	16.0	16.0	1	1	1	1	1
gi|428778395	New.59.CleanUp.ReferenceOTU1075466	1406.0	1406.0	1	1	1	1	1
gi|429217735	New.5.CleanUp.ReferenceOTU527409	26.0	26.0	1	1	2.0	1	1
gi|429503531	4441266	720.0	720.0	1	1	1	1	1
gi|433611795	New.24.CleanUp.ReferenceOTU38683	383.0	383.0	29.0	1	1	1	1
gi|430741030	New.7.CleanUp.ReferenceOTU36342	1310.0	1310.0	1	1	1	7.0	5.0
gi|430748349	New.19.CleanUp.ReferenceOTU8353	17.0	17.0	1	1	1	1	1
gi|431792069	161579	37.0	37.0	1	1	1	1	1
gi|431925209	821119	17.0	17.0	1	1	1	1	1
gi|433771415	3004649	595.0	595.0	1	1	6.0	5.0	1
gi|440224888	4338661	5181.0	5181.0	1	1	1	1	1
gi|479053932	264791	378.0	378.0	1	1	1	1	1
gi|442803496	New.42.CleanUp.ReferenceOTU68688	8.0	8.0	1	1	1	1	1
gi|445058371	137056	505.0	505.0	1	1	1	1	1
gi|447911521	152485	1465.0	1465.0	1	1	1	1	1
gi|447915004	4352233	109298.0	109298.0	1	1	1	1	1
gi|448236310	4338984	93.0	93.0	1	1	6.0	1	1
gi|448239774	4416113	29976.0	29976.0	1	1	1	1	1
gi|449086670	1532107	106557.0	106557.0	1	1	1	1	1
gi|449092714	4441266	720.0	720.0	1	1	1	1	1
gi|451344759	4441266	720.0	720.0	1	1	1	1	1
gi|451942744	4364814	12.0	12.0	1	1	1	1	1
gi|452196381	1532107	106557.0	106557.0	1	1	1	1	1
gi|456062337	3701019	9.0	9.0	1	1	1	1	1
gi|455737153	New.24.CleanUp.ReferenceOTU3657	2.0	2.0	1	1	1	1	1
gi|459286451	245495	9.0	9.0	1	1	1	1	1
gi|471319476	77193	8.0	8.0	1	1	1	1	1
gi|470157438	4364814	12.0	12.0	1	1	1	1	1
gi|470160151	4441266	720.0	720.0	1	1	1	1	1
gi|470168442	161269	153.0	153.0	1	1	1	1	1
gi|470173039	650171	16.0	16.0	3.0	5.0	1	1	1
gi|470176208	260261	2595.0	2595.0	1	934.0	465.0	1	1
gi|470186955	New.24.CleanUp.ReferenceOTU38683	383.0	383.0	29.0	1	1	1	1
gi|469816339	1584967	969.0	969.0	313.0	1	1	29.0	4.0
gi|525968348	651436	7.0	7.0	1	1	1	1	1
gi|471258602	New.19.CleanUp.ReferenceOTU25404	2.0	2.0	1	1	1	1	1
gi|471260972	New.53.CleanUp.ReferenceOTU191242	12.0	12.0	1	1	1	1	1
gi|472323176	New.19.CleanUp.ReferenceOTU14939	11.0	11.0	1	1	1	1	1
gi|472328503	4441266	720.0	720.0	1	1	1	1	1
gi|537432303	New.42.CleanUp.ReferenceOTU68688	8.0	8.0	1	1	1	1	1
gi|474978534	77193	8.0	8.0	1	1	1	1	1
gi|478476202	827497	3939.0	3939.0	1	1	1	1	1
gi|479316944	77193	8.0	8.0	1	1	1	1	1
gi|481847813	508943	6.0	6.0	1	1	1	1	1
gi|482892482	1119053	185.0	185.0	1	1	1	1	1
gi|482897536	1119053	185.0	185.0	1	1	1	1	1
gi|488570484	4301491	140.0	140.0	1	1	3.0	1	1
gi|488575046	New.24.CleanUp.ReferenceOTU12645	92.0	92.0	1	1	1	1	1
gi|488601775	New.59.CleanUp.ReferenceOTU920903	9.0	9.0	1	1	1	1	1
gi|488652559	676211	455.0	455.0	1	1	2.0	1	1
gi|488607535	77193	8.0	8.0	1	1	1	1	1
gi|488768999	248740	49.0	49.0	1	1	1	1	1
gi|488773889	New.36.CleanUp.ReferenceOTU167597	8.0	8.0	1	1	1	1	1
gi|494682416	1137749	5736.0	5736.0	1	1	1	1	1
gi|499074415	264791	378.0	378.0	1	1	1	1	1
gi|501677485	2534143	534.0	534.0	1	1	1	1	1
gi|511060863	4301491	140.0	140.0	1	1	3.0	1	1
gi|512550081	New.59.CleanUp.ReferenceOTU211655	2.0	2.0	1	1	1	1	1
gi|512576139	277094	96.0	96.0	1	1	1	1	1
gi|512647881	676211	455.0	455.0	1	1	2.0	1	1
gi|514407635	827497	3939.0	3939.0	1	1	1	1	1
gi|518646702	274754	1208794.0	1208794.0	1	1	1	1	1
gi|518651360	1132905	7.0	7.0	1	1	1	1	1
gi|521458881	750320	5013.0	5013.0	1	1	1	1	1
gi|521166214	274754	1208794.0	1208794.0	1	1	1	1	1
gi|521187702	4364814	12.0	12.0	1	1	1	1	1
gi|523521389	4389529	38.0	38.0	1	1	1	1	1
gi|523525298	4389529	38.0	38.0	1	1	1	1	1
gi|523529121	4389529	38.0	38.0	1	1	1	1	1
gi|525689963	274754	1208794.0	1208794.0	1	1	1	1	1
gi|525721265	675580	6.0	6.0	1	1	1	1	1
gi|528816716	676211	455.0	455.0	1	1	2.0	1	1
gi|528826861	4338661	5181.0	5181.0	1	1	1	1	1
gi|529222834	77193	8.0	8.0	1	1	1	1	1
gi|529235720	3610691	92.0	92.0	1	1	1	1	1
gi|530316970	719608	3.0	3.0	1	1	1	1	1
gi|563649971	New.19.CleanUp.ReferenceOTU26467	29.0	29.0	1	1	1	1	1
gi|530612796	4441266	720.0	720.0	1	1	1	1	1
gi|532362211	136453	198.0	198.0	1	1	1	1	1
gi|532456681	New.59.CleanUp.ReferenceOTU294692	2.0	2.0	1	1	1	1	1
gi|545636471	137056	505.0	505.0	1	1	1	1	1
gi|549449290	New.59.CleanUp.ReferenceOTU873917	2.0	2.0	1	1	1	1	1
gi|549451945	New.59.CleanUp.ReferenceOTU873917	2.0	2.0	1	1	1	1	1
gi|550443072	210269	123684.0	123684.0	1	1	1	1	1
gi|556555759	4441266	720.0	720.0	1	1	1	1	1
gi|556562917	1137749	5736.0	5736.0	1	1	1	1	1
gi|556577981	1148151	18.0	18.0	1	1	1	1	1
gi|557220722	312988	630.0	630.0	1	1	1	1	1
gi|557619566	1532107	106557.0	106557.0	1	1	1	1	1
gi|557826865	4480598	17.0	17.0	1	1	1	1	1
gi|557830113	New.7.CleanUp.ReferenceOTU212279	60.0	60.0	1	1	1	1	1
gi|558678294	1532107	106557.0	106557.0	1	1	1	1	1
gi|560141539	New.59.CleanUp.ReferenceOTU971676	93.0	93.0	1	1	1	1	1
gi|563686363	New.42.CleanUp.ReferenceOTU370442	1.0	1.0	1	1	1	1	1
gi|564949884	827497	3939.0	3939.0	1	1	1	1	1
gi|565990029	4428732	1648.0	1648.0	1	1	6.0	1	1
gi|568125122	68617	1819.0	1819.0	1	1	1	1	1
gi|568136993	269930	1210.0	1210.0	69.0	1	1	1	1
gi|568175750	4441266	720.0	720.0	1	1	1	1	1
gi|568179884	312988	630.0	630.0	1	1	1	1	1
gi|568185322	312988	630.0	630.0	1	1	1	1	1
gi|568306739	827497	3939.0	3939.0	1	1	1	1	1
gi|443640731	4128270	1085.0	1085.0	7.0	1	1	1	1
gi|646828456	252822	11568.0	11568.0	1	1	1	1	1
gi|657830698	New.53.CleanUp.ReferenceOTU1185412	2.0	2.0	1	1	1	1	1
gi|597503881	2534143	534.0	534.0	1	1	1	1	1
gi|727183313	1532107	106557.0	106557.0	1	1	1	1	1
gi|727184141	1532107	106557.0	106557.0	1	1	1	1	1
gi|727183859	1532107	106557.0	106557.0	1	1	1	1	1
gi|656325989	136453	198.0	198.0	1	1	1	1	1
gi|749295532	1532107	106557.0	106557.0	1	1	1	1	1
gi|749295629	1532107	106557.0	106557.0	1	1	1	1	1
gi|753828173	New.59.CleanUp.ReferenceOTU661442	3.0	3.0	1	1	1	1	1
gi|749295369	264791	378.0	378.0	1	1	1	1	1
gi|749322072	New.5.CleanUp.ReferenceOTU375428	11.0	11.0	112.0	1	1	1	1
gi|754694654	673343	1857.0	1857.0	1	1	1	8.0	1
gi|754215179	4380901	22.0	22.0	1	1	1	1	1
gi|763062271	New.59.CleanUp.ReferenceOTU1072262	7.0	7.0	1	1	1	1	1
gi|749296152	210269	123684.0	123684.0	1	1	1	1	1
gi|753870355	4104730	10.0	10.0	1	1	1	1	1
gi|752552248	3423513	1213.0	1213.0	2.0	1	643.0	10.0	1
gi|749295601	1532107	106557.0	106557.0	1	1	1	1	1
gi|757747818	1532107	106557.0	106557.0	1	1	1	1	1
gi|763139515	159973	19.0	19.0	1	1	1	1	1
gi|749321911	4423410	9950.0	9950.0	4.0	389.0	3.0	11.0	2.0
gi|757583996	New.52.CleanUp.ReferenceOTU57486	1359.0	1359.0	1	1	1	1	1
gi|759659742	576010	152.0	152.0	2.0	1	1	1	1
gi|643987992	827497	3939.0	3939.0	1	1	1	1	1
gi|749295538	1532107	106557.0	106557.0	1	1	1	1	1
gi|749306182	4388591	31.0	31.0	1	1	1	1	1
gi|753809381	New.59.CleanUp.ReferenceOTU1130950	2.0	2.0	1	1	1	1	1
gi|749205063	4428732	1648.0	1648.0	1	1	6.0	1	1
gi|749299146	4441266	720.0	720.0	1	1	1	1	1
gi|644643714	827497	3939.0	3939.0	1	1	1	1	1
gi|749315747	4338661	5181.0	5181.0	1	1	1	1	1
gi|749293876	4128270	1085.0	1085.0	7.0	1	1	1	1
gi|752558388	3897979	2.0	2.0	1	1	1	1	1
gi|749293911	394796	669.0	669.0	1	1	1	1	1
gi|788198963	1010113	16.0	16.0	1	1	1	1	1
gi|752843554	4338661	5181.0	5181.0	1	1	1	1	1
gi|754030817	4338661	5181.0	5181.0	1	1	1	1	1
gi|752591735	New.52.CleanUp.ReferenceOTU59664	5.0	5.0	1	1	1	1	1
gi|754862786	4316726	423.0	423.0	1	1	1	1	1
gi|693334383	675580	6.0	6.0	1	1	1	1	1
gi|749322053	4400098	332.0	332.0	1	45.0	1	1	1
gi|749314488	4427114	18.0	18.0	1	1	1	1	1
gi|740707944	252822	11568.0	11568.0	1	1	1	1	1
gi|740710840	252822	11568.0	11568.0	1	1	1	1	1
gi|749293884	274754	1208794.0	1208794.0	1	1	1	1	1
gi|645056935	4294646	883.0	883.0	1	1	2.0	1	1
gi|645058691	4294646	883.0	883.0	1	1	2.0	1	1
gi|749322054	679240	4.0	4.0	1	1	1	1	1
gi|749298802	4441266	720.0	720.0	1	1	1	1	1
gi|749295531	4441266	720.0	720.0	1	1	1	1	1
gi|749295363	New.59.CleanUp.ReferenceOTU167926	15.0	15.0	1	1	1	1	1
gi|749308092	4477551	125.0	125.0	1	1	1	1	1
gi|754146419	588637	50.0	50.0	1	24.0	4.0	1	1
gi|754046270	New.11.CleanUp.ReferenceOTU1900	1.0	1.0	1	1	1	1	1
gi|752716319	New.5.CleanUp.ReferenceOTU82178	1	1	1	1	1	1	1
gi|749295158	675580	6.0	6.0	1	1	1	1	1
gi|757462762	137056	505.0	505.0	1	1	1	1	1
gi|643691108	New.59.CleanUp.ReferenceOTU971676	93.0	93.0	1	1	1	1	1
gi|752690587	New.52.CleanUp.ReferenceOTU124050	5.0	5.0	1	1	1	1	1
gi|749295191	210269	123684.0	123684.0	1	1	1	1	1
gi|752806254	814442	534.0	534.0	1	1	1	1	1
gi|740907558	New.59.CleanUp.ReferenceOTU1677754	2.0	2.0	1	1	1	1	1
gi|749295183	675580	6.0	6.0	1	1	1	1	1
gi|749295017	312988	630.0	630.0	1	1	1	1	1
gi|749295033	1532107	106557.0	106557.0	1	1	1	1	1
gi|749322069	4400098	332.0	332.0	1	45.0	1	1	1
gi|740667044	4352233	109298.0	109298.0	1	1	1	1	1
gi|740748848	4441266	720.0	720.0	1	1	1	1	1
gi|749309453	New.59.CleanUp.ReferenceOTU610900	2.0	2.0	1	1	1	1	1
gi|749295425	1532107	106557.0	106557.0	1	1	1	1	1
gi|749295657	823809	94.0	94.0	1	1	1	1	1
gi|749295665	823809	94.0	94.0	1	1	1	1	1
gi|749295851	823809	94.0	94.0	1	1	1	1	1
gi|749295853	823809	94.0	94.0	1	1	1	1	1
gi|749295413	1532107	106557.0	106557.0	1	1	1	1	1
gi|749295833	823809	94.0	94.0	1	1	1	1	1
gi|749295837	823809	94.0	94.0	1	1	1	1	1
gi|749295840	823809	94.0	94.0	1	1	1	1	1
gi|749294022	823809	94.0	94.0	1	1	1	1	1
gi|754215579	919466	902.0	902.0	1	1	1	1	1
gi|749295848	823809	94.0	94.0	1	1	1	1	1
gi|749295850	823809	94.0	94.0	1	1	1	1	1
gi|749302224	New.59.CleanUp.ReferenceOTU288665	7.0	7.0	1	1	1	1	1
gi|749304928	New.59.CleanUp.ReferenceOTU288665	7.0	7.0	1	1	1	1	1
gi|749308040	New.59.CleanUp.ReferenceOTU288665	7.0	7.0	1	1	1	1	1
gi|759485434	3423513	1213.0	1213.0	2.0	1	643.0	10.0	1
gi|759485477	3423513	1213.0	1213.0	2.0	1	643.0	10.0	1
gi|749295770	823809	94.0	94.0	1	1	1	1	1
gi|749295427	4441266	720.0	720.0	1	1	1	1	1
gi|749295376	264791	378.0	378.0	1	1	1	1	1
gi|749309655	New.59.CleanUp.ReferenceOTU859884	2.0	2.0	1	1	1	1	1
gi|749295518	4441266	720.0	720.0	1	1	1	1	1
gi|881136149	New.59.CleanUp.ReferenceOTU36879	20.0	20.0	1	1	1	1	1
gi|881136841	New.59.CleanUp.ReferenceOTU36879	20.0	20.0	1	1	1	1	1
gi|881136842	New.59.CleanUp.ReferenceOTU36879	20.0	20.0	1	1	1	1	1
gi|749299247	New.59.CleanUp.ReferenceOTU454412	2.0	2.0	1	1	1	1	1
gi|749293520	950606	15.0	15.0	1	1	1	1	1
gi|749295519	1532107	106557.0	106557.0	1	1	1	1	1
gi|753781267	New.52.CleanUp.ReferenceOTU31451	5.0	5.0	1	1	1	1	1
gi|753828171	4323139	8112.0	8112.0	1	1	1	1	1
gi|749296184	269930	1210.0	1210.0	69.0	1	1	1	1
gi|749321919	1147942	2.0	2.0	1	1	1	1	1
gi|749309430	New.42.CleanUp.ReferenceOTU382938	94.0	94.0	1	1	1	1	1
gi|749321916	4364814	12.0	12.0	1	1	1	1	1
gi|749295042	New.9.CleanUp.ReferenceOTU101491	4.0	4.0	1	1	1	1	1
gi|749293913	274754	1208794.0	1208794.0	1	1	1	1	1
gi|749309520	606349	2005.0	2005.0	1	1	6.0	1	1
gi|749302083	141145	3153.0	3153.0	1	1	1	1	1
gi|754072641	394796	669.0	669.0	1	1	1	1	1
gi|749301955	141145	3153.0	3153.0	1	1	1	1	1
gi|752820070	New.42.CleanUp.ReferenceOTU26558	6.0	6.0	1	1	1	1	1
gi|749298793	592398	450.0	450.0	1	1	1	1	1
gi|749205808	555725	4.0	4.0	1	1	1	1	1
gi|749296187	New.24.CleanUp.ReferenceOTU38683	383.0	383.0	29.0	1	1	1	1
gi|749302191	New.11.CleanUp.ReferenceOTU46364	1	1	1	1	1	1	1
gi|752747718	New.53.CleanUp.ReferenceOTU986541	511.0	511.0	1	1	1	1	1
gi|752689269	New.9.CleanUp.ReferenceOTU82853	16.0	16.0	7.0	1	1	1	1
gi|752689986	New.9.CleanUp.ReferenceOTU82853	16.0	16.0	7.0	1	1	1	1
gi|752819988	4416113	29976.0	29976.0	1	1	1	1	1
gi|750398812	142346	5.0	5.0	1	1	1	1	1
gi|763160294	New.9.CleanUp.ReferenceOTU147793	29.0	29.0	1	1	3.0	1	1
gi|752716557	4424907	304.0	304.0	1	1	1	1	1
gi|749299610	4424907	304.0	304.0	1	1	1	1	1
